1000 711129341
123676608
765060878
228345920
733673924
515517002
177092521
65519593
812618437
24128119
418230502
684653363
983925722
640878889
108332532
353273229
591516653
518200474
612686297
536538476
2082007
852838239
584215946
246748951
301210984
18588328
757853439
166241544
373815654
231071705
530240310
968021296
782918968
81271649
32997877
682562750
177851359
503432049
632675341
192328695
549364398
362995464
701302651
435890914
447019144
42293898
84625564
341585399
314456987
488622596
39772544
588038799
45650149
248065980
541286336
817421622
49360062
922101268
858231503
507492035
86540794
921164800
193547929
674433788
187115475
201862430
134471330
81341348
66580226
39405897
891266910
646916607
185846656
675219124
91608122
748248374
975682037
375371323
548202206
537637800
105503931
835135415
533269030
432966938
403821863
156273811
391870811
720754971
246219514
915410509
934993610
660698871
787296067
700469246
449049225
535829519
160463759
544534158
813085025
723791767
747674758
896461882
166799655
632318079
42211934
230310236
944668781
276686959
694135385
867111608
245064166
92363235
852071637
338991142
360055385
341662672
189557443
13351363
201330575
333091986
685128333
445025102
349863812
57693814
143323453
344906950
867953088
312318232
401319607
138221032
29811011
105086394
934065523
316936356
915813035
852131385
660954699
407736935
614944495
320187126
517194037
35861494
688098580
466027150
126839283
170900258
349448654
51712513
478429051
747790423
205700127
702655523
612088311
353291360
156504059
349482755
113069063
407174799
766688831
656583762
796471333
150888820
926675301
293116088
148006058
873644006
388170167
675401196
221412019
343739281
324042891
513221143
540664033
381950756
505821060
108370169
688119956
765989162
105037459
778867069
45318161
256588957
996754973
584952169
201770546
627670703
976966642
86221805
288504921
303317879
193398114
893966828
280049587
456613446
496697597
61995453
500172542
999222744
181588468
345851269
998087463
337865017
620672834
970944563
712517339
97170758
417946325
191490107
698452651
474782111
749657276
163817245
205712859
604932639
733594934
367374312
12950605
202246842
167709002
322722987
544384178
569619572
444643311
500527313
883157455
68333858
627470975
8642733
81641658
671551946
146535597
423649041
49912229
667574580
342805384
133771729
101151879
117093207
510737746
284355874
649295913
719440832
755178061
542005354
225840305
934026609
135194811
649270048
410432199
722197888
720771174
671880906
826692223
648676132
129392164
103161538
748099658
831532577
463413965
917661994
175144277
475460546
808025998
868463052
927816187
256402510
655349476
25486012
470875805
549412659
7704679
968731346
769041351
783280911
144601829
454319024
705540417
54349396
33334522
919308261
158371315
846536681
164478091
828558504
213261096
65935800
154131494
810327913
713950705
493311920
472513056
789632225
737796939
659634864
672199762
83455068
95813119
91356936
951998887
750600950
41900659
648152081
514755687
315072351
573471713
523847548
321076942
853144654
247112576
934273651
665211471
939203712
202517979
18842894
468182294
239844327
982272338
669777304
463010376
106874252
8547104
765025948
37793069
651426562
48171495
231314517
960542215
19826400
584507039
876921010
411991562
910630297
682406209
483175036
748040665
946404270
794069087
271594925
342723885
221573561
145792459
563204101
651149752
772625890
714417424
740715833
880892706
897108261
176887395
791641661
126510053
288382825
670895557
318733930
623002599
592975658
609569335
588253724
404326973
654701355
878373078
938269071
384748962
932315300
370957998
453455320
423672077
774430284
601910210
224169555
486164266
777294022
954703047
753911045
16579223
287831520
54248533
694289985
206027205
635876363
787009627
171755618
164831439
993716970
985184813
440598661
730604852
247322179
620284426
909322266
277982447
578706353
577611156
335212351
298120703
179760773
290968676
352928482
761170966
451028757
157098263
384732628
974807398
594122206
868127236
998816337
262001024
140990147
361273933
85335587
209777599
580472919
189955858
832155943
370146638
470919697
770050658
316197134
822651160
107275879
816295934
808868918
88889684
215810584
435984243
89043390
598513065
132528767
528909591
378362150
102919501
407239290
119403773
662775901
373986450
377614033
553645719
439140081
635582656
678840587
307530391
394723020
141505062
744675254
622814669
901658098
839606558
205784562
834615468
17415327
760579502
307202973
146911361
662122947
611270712
457652639
599470370
456975911
209956206
504618865
685161339
670147581
236740720
2353184
503919156
297717121
431177647
47632105
219700110
868804464
303579857
218071623
105443568
425389150
83711610
498113908
821712522
17722448
667522083
185252157
966713893
839261056
472428405
52360578
76127901
299258643
936648388
605439557
790703473
68425786
708213032
612249260
348612748
697917788
730901249
147390276
109378085
532096632
980035477
67051137
922419794
550204364
251334249
423839322
339203950
585093827
859469280
120521858
771890511
449522849
61546431
756154613
123214524
349017696
294889256
828049611
511015118
30921845
99430034
554123638
714515605
814835505
581944169
661392530
29251986
112853067
557526718
390358629
353094911
970701302
449696968
515659468
690593514
503800036
418763725
753828414
304321312
960932914
2591702
217270906
531594937
928585176
484825404
375179394
937298536
862048623
363545141
145898976
526312631
18544956
843464524
292517261
275092501
433510382
864581326
573210073
215940514
413129502
161655394
242423459
333735121
644995753
660207173
908275122
570035919
612872691
945766264
439683551
94227618
784167666
672929008
565886246
310570450
97454255
317433282
843106418
594984579
580418007
31246000
392376322
507591139
546864060
890595359
20987119
84060291
757195286
512229974
625022357
148035636
60908393
521170276
998515074
286246992
530073224
338102197
19812021
133658475
531978065
902933240
151136539
41155157
827808158
984122432
724056031
700691083
673818634
543365745
447275237
963112766
329474561
746496099
96489275
975094750
22123639
37948514
686239728
363105640
983748825
648173051
59231121
522835181
133194809
570785913
198228389
104355481
29151165
11892415
547091385
727779756
174796477
708580744
441129035
832574923
774906827
944446581
593810720
991052315
28569645
417174240
137447545
831245989
577542183
258230130
569852551
496202750
596824814
112389599
552419541
724064721
946994671
414549700
694936072
890516079
725419762
355975861
319899063
426323145
150543398
141614250
173988455
247156956
517531164
569265605
495956693
602936630
905970554
73947531
456365899
345053982
665238927
401126708
178037928
113555106
269522889
421164709
882003089
930076529
906474088
538193872
661707042
324949616
875689828
200794885
321428746
334598977
386745239
704907186
113662511
612718260
677457458
191305072
968281325
396577410
338004487
379391654
990471317
438194590
979323681
134979577
652300319
207641968
953808314
468056802
863518868
535131157
478058312
891818333
636930955
350418645
392547120
186481604
139275124
715326117
792749026
280643925
213350485
463206716
575143603
724576392
5198609
706158673
624947119
40924530
382012631
424410134
423129197
483924204
211332005
32767129
927542639
648890617
162356493
248905491
962605230
688116503
363517127
620641000
195231200
851163491
448884209
394638585
946223409
204914569
196467338
491380740
480438704
823320187
498172119
353040566
486040837
510353283
222433501
436422636
943499411
444865434
123494220
857808394
61022830
507450745
394383906
379909464
859735762
162692852
624139777
715255134
787825917
958203490
481659257
230173598
240525218
340341163
683148512
74302887
55312660
928158561
789783539
878718522
681236042
499566045
190131869
501255512
879635165
534558504
94612492
9508508
178101525
678278256
140541851
499683437
252658591
214478769
368296172
431733147
32323371
784948563
22513394
13964449
323030675
685098854
384994053
590879129
576790413
822703528
264212551
253709468
65599595
56759690
332523765
492782455
324290024
411843656
802636587
562959644
574607638
742254588
104739566
320168120
855035714
494437010
770757377
749945970
965630664
475151316
342026009
707933713
624000238
684557694
87136337
628996610
751183791
112904226
674367292
351186382
810114582
744689939
744791158
339607366
866763442
160603949
19635395
834443068
609488571
353683073
645255682
386923827
171480127
325992223
32486116
67334487
867651210
937200688
208176159
679041285
354228716
260368671
331373484
645000587
225463182
553822063
653823491
255947768
585173641
120837947
715099930
965364779
496604918
912423022
299049738
468432347
110822425
320206977
852459674
723444649
142667542
489050242
788841292
417696088
85290730
162979920
720958962
996540926
809021973
608096731
13677424
228060330
90437577
885686347
428191793
916081970
808525799
589858502
103640638
33498219
88101321
421261116
894533311
735524155
334076857
48530276
60572951
405045406
179565751
30557900
463189575
567376511
675572696
399217402
253180726
451321425
634665240
636350987
447518781
185643365
475465567
264757815
949131106
727896683
641833880
920372679
238240486
339496539
78777675
91242166
47281019
555361891
25104838
516361444
716840780
44891917
241281221
228134751
826509924
120902800
26673079
983104713
857031299
305196651
308332641
956817330
646539134
448581962
409494888
674485191
694813544
113342551
857290560
109804092
981425456
489435503
893411766
578284265
7144913
507227577
619435841
621934999
284114769
207798997
554676213
674997708
516142028
564046278
173232791
669422393
770178345
593969149
829653572
811513560
529105168
337973233
38526036
959341359
565510480
121494624
473347151
629685860
260851068
948202691
403392178
708234607
783678764
698957373
155697464
824529569
83922532
510144384
556170884
264248244
567487403
247091993
127167273
981068931
711819496
251637002
361957017
129760022
566995378
172284181
627468586
829500069
532046469
310349121
