100
3076 34
97918 49
23962 56
30388 21
839 47
12193 38
60203 58
24340 20
76683 97
46936 4
83430 85
62125 96
68711 6
61260 95
99062 31
4314 41
89370 71
64529 50
61016 64
89413 89
18697 87
18888 33
68396 73
2434 18
10331 31
31630 77
42085 100
40063 46
28393 73
81782 12
93257 36
21205 42
67926 40
44389 35
11208 73
15642 9
99810 78
26882 23
23227 56
87634 36
36345 44
57106 26
74675 27
21406 4
36920 52
62946 65
68885 5
26540 15
66534 8
26325 97
44045 74
30068 28
58282 44
29455 27
76645 88
73401 87
49014 86
96465 68
36874 75
87677 47
40040 25
26961 81
63023 30
42021 80
69131 41
63914 40
20779 15
86092 33
66752 22
29261 70
82228 27
99662 20
28269 20
8821 14
34476 69
51039 40
25318 58
63631 82
45921 38
64794 6
80933 9
14587 74
50969 25
37916 68
38323 71
57770 92
6546 73
85897 7
44899 64
4235 60
54518 99
79948 84
18438 69
26818 99
4692 66
78446 32
81539 71
53365 47
10183 82
16442 48
