100
28245 5
61032 2
17030 5
70035 9
12613 4
20020 7
18279 10
29249 5
62125 2
41016 8
58539 6
50836 3
45667 2
76160 7
63144 4
36247 3
42432 9
13007 4
42924 3
32079 10
80755 5
88039 9
92364 9
20177 5
76956 3
68534 6
69198 4
86197 7
30497 3
93402 7
78748 7
85626 5
95153 10
28798 3
38688 3
84202 8
82141 5
34014 5
70453 4
71819 9
18311 9
88314 7
94423 6
97676 8
13747 10
60882 6
36382 5
77903 9
51338 8
91639 6
75502 5
80255 4
29545 6
57355 10
45278 3
73192 4
70110 5
73486 10
96581 4
68037 6
51877 4
65611 8
27718 2
33686 5
31693 6
98447 9
99641 4
86756 5
59138 6
83000 3
25813 6
12806 8
13790 10
42756 5
46674 9
57820 2
94456 6
83831 5
93672 5
14260 8
76653 5
27886 6
99306 3
85292 8
59464 4
13631 6
92246 6
98096 2
21220 2
31899 8
80723 2
88035 10
71453 10
98857 8
90610 5
63101 6
88007 7
67287 4
88900 2
23406 4
