100
47 98
73 66
14 55
46 90
77 90
6 98
6 84
97 69
12 75
69 68
14 82
62 59
37 83
85 100
91 78
82 67
86 83
45 64
68 69
79 79
74 80
52 54
14 85
2 93
77 66
20 72
92 72
67 77
80 50
53 81
39 58
31 53
48 91
12 89
86 54
14 78
80 97
84 64
7 58
78 87
75 87
38 69
10 52
49 62
66 50
14 84
36 86
4 96
9 82
53 74
67 56
99 70
70 69
86 87
100 76
95 56
76 77
99 99
58 67
30 69
14 56
75 66
58 67
53 88
17 95
67 98
98 85
63 80
48 53
53 64
43 83
35 65
42 61
66 76
90 99
72 90
92 95
93 52
6 78
54 90
33 96
86 92
2 90
18 84
6 90
24 82
65 59
43 92
94 50
65 65
88 55
46 97
55 61
5 83
21 96
47 51
2 64
8 57
94 68
78 61
