1000 1000
65687
34369
36902
95430
67667
59364
75733
27834
39673
54060
27203
85427
91456
83354
40806
82016
41782
31480
28293
67445
37851
68081
34053
97736
98514
50023
92111
98919
34719
38378
48469
85967
27118
48150
74844
18971
66166
41111
77324
69225
26503
59702
1243
63432
35358
80530
73423
88133
48030
61769
36077
19958
9258
67392
8897
84805
90447
62044
49350
19578
25760
11714
73328
28884
69633
63610
22041
6986
33267
11637
54120
72659
35235
88144
38683
34336
14615
37743
48670
3768
35236
26160
71585
80617
20636
20719
57948
58496
44258
35812
50562
12967
1773
5218
8247
264
70743
28546
58126
95472
95664
93708
49289
29797
66059
38176
23360
89178
45363
80360
42348
65403
49350
27035
89769
16468
40498
41620
8345
27319
11291
45217
58010
43821
32905
6622
74496
92540
35624
45247
16268
60793
58150
2145
11561
28934
69705
14565
4761
80093
82495
74760
761
68434
94317
95679
48446
74109
74390
63193
72947
10370
3481
96217
48456
27473
70601
99676
8461
87577
52158
37922
80836
84677
74290
92604
76210
61789
87553
56328
2579
70380
79307
3906
97671
1306
81148
62710
24976
24567
14952
86266
97968
16560
99106
1244
90520
10306
42546
41530
2292
15105
86926
94862
90514
96937
6483
31774
17126
13019
44188
14550
76432
91435
45137
89765
54699
88822
3166
48322
21867
39317
29558
8614
64871
66858
68528
13223
31212
35713
82012
6030
38853
90049
11801
52968
27922
21
80298
84893
64091
45940
60197
84276
44364
50445
4996
59483
39361
74253
78730
21073
77229
16699
986
48439
51588
62732
27449
68118
30449
74800
24055
59267
37426
5597
94476
42526
88250
84503
92712
70904
32302
52218
41399
61047
76609
82875
46665
34301
30743
26785
38067
59950
71663
34418
76305
19692
43554
54542
20289
1690
60424
75157
54591
91416
11512
24827
65320
11912
52416
57172
47591
86297
43250
12188
67550
53623
69795
66158
76513
27580
99099
90553
90179
4240
40095
60148
26245
80091
17173
5313
82020
82291
19480
12107
73332
7182
34514
22984
43693
74414
32414
26922
31848
1136
60246
5348
47594
41599
63146
59883
25925
6076
63145
48260
18144
47934
85506
80731
52762
65096
1186
42628
93600
21931
44772
26825
14663
34306
76501
95874
85693
63164
12253
39381
34738
64757
66174
59926
79494
10389
92453
14946
93133
39412
48058
24037
50018
5131
43738
14094
86465
39921
5916
8788
36559
70485
26531
4731
60359
17329
83831
6864
8694
33029
28391
44971
11349
91768
28913
98328
85861
33494
73173
96039
71606
98997
57462
77439
84033
3174
67739
69297
98062
90151
91351
4880
81820
93292
64061
84356
242
72771
73739
59934
74982
39183
88223
48816
66516
21525
4229
80141
69819
61292
84002
66218
75156
92920
39740
75421
56380
91124
84682
98423
20931
84427
64350
18090
3828
29412
38367
56362
66629
55541
14829
48503
1529
42913
63449
1951
51013
15411
20210
96010
87556
97337
17365
2436
69
3356
4767
37597
26135
27198
94729
49201
14472
6251
11023
9260
87683
95102
36468
36284
35474
15148
87908
71453
16079
54
75528
33913
17034
9790
61438
43994
67332
78833
85231
8230
27766
24874
50599
31194
86885
42814
50660
7473
17347
48314
86090
41594
92161
49543
24034
85550
94467
52584
88673
87970
34751
786
16110
25894
28611
9720
39656
54293
71155
49746
97260
24900
95842
21251
16439
73200
88994
15776
9948
57798
40280
38460
33021
41575
15017
41369
78600
66603
30063
65582
70798
79623
1584
40748
51716
54275
46032
61807
56244
65354
41009
72917
17478
75008
54947
64887
21224
19315
5755
23616
95437
11510
25268
23358
36093
90531
75759
3282
51505
66149
67405
83463
82392
52873
66611
14416
50754
3757
98386
89458
75577
92137
89980
39379
37585
12738
76478
37003
81253
86490
89794
56553
57008
85123
14806
94855
89039
3338
35307
31609
20532
71970
24002
11378
70228
53193
37535
35079
82315
93539
10818
37922
24340
21861
74636
2681
67827
10922
27955
228
91560
64771
89241
98349
36951
44001
37764
93522
44701
41725
43634
63647
58114
88924
80762
47797
13525
52606
84729
83772
9597
15458
91914
84028
28239
56405
75684
93136
63696
32558
55364
75279
2588
25267
28973
38300
42069
72070
24985
77080
89155
32646
58102
47672
57436
48949
94865
18336
76162
64971
18323
19117
83157
40431
28149
75306
6580
61169
44464
86376
776
33796
96485
922
15876
58739
90786
26164
66376
58227
19589
31226
56539
94840
14093
96329
95455
82618
44402
74575
29798
1892
63302
29744
39318
36182
68525
15473
41366
4846
20838
81962
53693
75657
88811
32276
1314
72940
69430
64475
9012
54243
39966
26910
82281
35479
76717
94054
90926
19731
33210
63428
51724
23328
15691
76838
67368
92795
17743
6909
17034
34470
9204
10975
29416
39768
97591
39191
23605
93945
64600
15277
75273
51265
87082
42948
10175
42460
21241
95519
67307
65025
24206
85008
80460
41424
94657
20903
7458
6485
30681
17587
48224
96435
82597
59931
38337
52819
5175
11060
72663
63711
60641
23845
29265
92838
87931
65218
24411
81389
6064
2876
66261
29948
9523
99688
17232
36818
80093
71037
73524
33316
34459
93577
56166
75322
22354
70864
69639
17803
49282
57447
39750
55738
56118
47221
40770
55727
43492
16357
78846
79009
38100
15649
15245
68401
89390
55302
81587
84006
35768
57118
87298
62070
84381
78418
17355
63230
79393
28735
34303
9987
81177
25169
40567
69126
88065
8195
77183
54694
12531
70931
88655
84895
36981
12585
25510
1184
58452
52276
26562
41504
40087
84536
40026
60506
18055
5255
44440
13720
20615
72222
73790
65237
12425
82277
28121
35991
68396
25689
996
96098
76654
58210
93820
82854
79367
27973
61628
90867
77279
87622
70301
28030
18144
16738
56480
20164
38921
10078
20385
25005
41432
79942
77406
60814
95297
11054
79553
48139
26112
71944
3243
44978
78196
96499
46352
1610
46835
76478
71121
80141
19028
75058
64837
64551
97187
33993
65922
6301
90214
72663
75245
75479
4545
52612
41031
48081
74771
14468
66178
6702
78572
67537
53361
14792
59002
7469
9749
37253
68528
58536
80305
3099
51196
78692
58864
38667
64979
83793
26907
98755
87189
12706
8709
71050
46182
38374
98025
54112
36811
85352
98397
23324
1487
23930
72017
79907
71405
5648
328
9876
38875
87715
29647
91465
95403
6837
29331
67558
5315
86293
10530
73258
95444
39579
38077
28910
276746
727223
365209
645058
690925
870704
990967
931765
907283
647185
746512
784853
384445
322548
804696
468009
272055
945854
663402
857347
561474
726645
955032
520472
368340
211623
785196
515918
814944
468320
463167
624304
592567
372314
141913
717367
972363
165009
207933
119511
938335
469784
536889
605204
775162
995149
827325
226498
111137
815366
206684
940091
418465
816480
523006
743601
867835
968277
302735
409584
341669
967887
303712
527666
275907
836169
487759
954636
109630
592477
164381
588873
395220
824595
278777
859912
183703
879119
753305
810114
391945
207653
308227
310143
277948
713337
583949
307325
791099
988841
105070
297582
277005
167232
642413
465585
718987
994557
906685
880704
357359
528782
543075
156349
769668
851383
825256
262271
997757
630520
433192
476919
280688
750787
465593
323330
101863
173817
662460
988601
274264
575357
616847
516917
220313
785864
598616
223735
947479
283689
540686
496688
927648
241172
463005
430525
129562
640339
590383
918313
155014
262380
391973
710767
748634
365458
628858
669763
854921
361297
149936
159497
150249
197236
629529
724918
923742
770758
868661
375024
403370
524843
911283
482380
645550
265160
738249
377859
324686
683439
212560
533603
798569
337882
992464
761082
714655
329372
279880
117373
725403
259221
979005
279017
116674
401539
936286
571958
656856
873780
891587
600457
433893
586374
938540
410232
967728
916452
237780
359308
677476
188079
640412
205198
534139
589424
999119
244238
162256
725001
106173
867246
839215
311078
614517
448548
824076
592587
308212
993921
629751
733686
461155
644123
847317
105478
404296
368138
102813
305145
910574
601497
868558
851803
787669
344098
751500
288446
773749
687536
348168
252935
290183
328470
603257
302265
724712
633015
487961
903139
720608
282364
412794
584878
470469
142242
182621
569043
231297
897316
375992
625680
118177
716748
490407
408557
157419
799944
520114
305352
387862
407756
102164
147746
500254
736100
821060
575542
376271
227067
226143
506819
230109
662608
863774
680275
307569
563504
336453
231931
496037
240781
256078
590553
802850
591612
431564
223356
806577
504185
682024
689283
887792
918850
931373
920288
905606
660802
479031
656825
386837
703733
332067
904732
496891
734577
866708
855270
774124
111886
267651
187822
869080
491978
615341
523713
825065
216415
830241
850291
247569
947673
770885
537634
999700
978976
789668
559027
430740
440060
305070
593219
929234
659070
253665
961331
226844
150473
157904
365403
591757
236619
290011
958216
998075
794376
555328
529202
229353
747107
689677
838538
789239
788670
758985
597562
464675
193780
386563
212409
407113
814511
295565
116665
427702
847139
379059
881571
360583
671963
600366
950764
738020
860131
766547
343074
136647
456187
197487
500941
794845
688162
219940
328581
739760
910588
452589
385102
822643
469589
299330
473179
802054
573440
385125
319736
481436
236373
559695
127469
864864
330302
490329
307743
870569
266638
878496
127585
771733
537082
793839
424264
788729
539506
458453
441988
583525
900843
818493
534138
259589
354444
277763
226922
365235
791378
873231
355535
345317
127694
544603
262394
637423
116923
240456
487530
319328
226550
824095
823250
149489
718111
208368
109429
590938
336166
863563
268342
850913
972683
244223
711126
434935
999804
908561
673760
673372
833345
272525
988849
953884
761179
633315
560928
115229
752792
928215
439640
692492
364528
118056
133044
112274
154792
633571
241955
832013
595151
896368
814229
205126
539244
860641
712821
534553
583723
955228
663197
185414
711382
364472
629513
606787
271660
383533
262584
363009
730721
326751
918421
555884
843913
224913
528039
918945
886565
482366
455874
582157
981950
520619
418986
287072
721044
906776
528046
956858
625371
263108
766736
697835
746688
538440
481803
574321
704917
918530
274770
836854
720575
264930
451430
540166
298681
475919
700119
835855
370775
558123
405565
383249
883943
676445
111358
245154
677281
481011
161193
892767
558865
249782
657663
710832
903289
722362
601003
615894
378533
731949
328132
813048
893752
153990
534750
934798
784679
652630
589137
535535
433049
329350
939283
566674
206503
830706
243963
817258
467547
195260
636365
466697
831021
616381
576953
290137
821495
766937
876909
653824
687233
616831
777510
580116
242212
874241
561149
355418
532029
384836
426226
111806
807089
114157
998295
654538
146082
380262
596966
380876
168615
347282
218729
811135
633853
704659
160619
576671
473099
506297
680986
125474
499639
944872
524631
287220
245694
883920
594563
261735
152526
371674
355594
330712
748440
607605
400951
138337
137007
782493
316157
526641
366077
737444
533177
364968
384042
117636
793754
678958
871520
577602
305069
852038
768859
453797
361550
270981
950499
266770
467762
882212
225158
908346
182053
937401
353474
791764
770274
959403
425589
637606
189548
692618
463447
349804
538400
221509
387877
103721
357462
951180
751284
618023
958944
939984
582252
430316
738069
742215
751903
576266
698522
185745
563828
659973
731993
889248
515199
871240
519672
818104
174481
686864
337582
849629
584736
707776
239970
490864
962172
809400
734107
698467
668674
954812
450450
968208
410765
849491
813107
630621
779684
108494
258341
810238
451592
356518
647296
606889
176232
791671
157682
624499
943236
290108
231682
116235
566144
682048
159125
157457
384967
392246
342206
451731
283447
748170
134219
994313
994163
848010
721138
534329
723155
141723
141484
909859
367615
642891
835701
634732
224219
809622
727722
593215
136751
142568
299660
609215
999031
367037
776142
108268
961709
372226
923482
678228
208506
882856
424387
444529
977658
808287
782077
482840
721597
840130
683149
306199
977663
607922
321143
698396
380999
611666
439425
810620
209909
551049
462175
530306
911792
786904
995118
591787
456866
531926
260238
415104
533829
699143
907396
895557
830517
600940
715321
493856
714495
126666
365961
196686
794860
755678
576177
253487
864164
217523
583896
220989
288584
361992
722051
975547
997215
690001
419800
754304
448025
469933
380067
340703
256843
299472
508782
756591
759382
846390
410789
956149
459993
760392
795139
155017
586842
859687
463127
480799
965975
232699
606162
702865
969156
725500
357006
258073
931372
511083
879341
524216
110915
210182
825213
686569
989781
205112
914786
142647
635969
842749
970601
765941
137111
405470
580552
771326
649942
299417
802642
841947
801907
527602
676659
420081
393788
690902
860612
456218
568856
821711
745912
566027
904211
935587
502568
283980
732703
955829
555673
879629
375299
671839
212881
322237
720928
283312
394663
673194
528279
131215
940612
513533
339585
761266
281801
471581
131152
824621
844195
849116
218662
316323
404142
508487
157665
579471
992133
495075
433678
390230
283414
128268
819767
929541
255545
534091
259779
352668
430091
281080
183521
639754
763163
592401
263644
181181
468033
736953
172598
868754
662391
215335
295855
277451
914101
743903
511267
220852
909205
950543
302499
589302
584496
970543
583544
594194
203286
937500
938488
819669
287864
369227
731239
348684
321621
125580
193467
890146
905184
831020
940898
