1000 1000
86771
30677
82068
64719
79812
37726
27537
37782
59128
8530
97182
97464
62086
9627
89166
54858
362
28650
35583
91260
3192
88151
21645
10947
81229
89527
31896
64075
60648
68567
13370
85291
96129
81543
58181
22698
28192
2151
67035
17141
76945
61630
29993
32622
64750
52452
43473
51527
96738
42833
78158
7049
5917
69078
94757
63563
89903
59037
5397
19463
52489
13416
11310
34676
30193
80384
90869
76760
90728
11934
57900
2369
44010
25933
59126
92058
71713
95790
46131
68563
12503
27745
15616
95162
62182
5478
38217
18305
68803
33704
92244
10630
38143
61250
12264
10435
25160
38040
50152
29246
80512
90345
20198
35885
45782
16351
46997
63524
6313
78162
78997
79559
7533
11906
98092
49945
57784
82514
70688
82773
80126
15900
51488
34170
12348
967
89603
75252
7674
99546
43062
8073
97733
75492
66219
54720
35156
37012
41921
40623
40665
10172
86992
10782
18041
44969
24439
10599
13232
15302
95607
11226
94068
87539
63767
15014
58379
14162
28352
83456
92937
65824
29077
6042
14857
32256
87755
96019
57470
37545
83910
26067
20207
8849
91519
43564
42911
75028
93117
67201
86779
73199
69169
88903
94650
92358
38344
35196
70094
34249
7380
12677
98758
19871
4991
50082
59307
37154
18112
53588
87129
83486
53293
497
91300
80408
72879
19755
28820
13994
5649
98245
47752
32082
48331
31093
2295
69622
26988
18196
55025
19553
15299
77080
24307
40951
65488
35121
20849
50009
29384
13293
32604
98268
1287
83695
81917
20700
30362
7825
40745
43413
86756
53945
50895
18595
12256
74365
706
64719
62039
68825
92020
43942
79733
81726
50693
45656
12696
21282
61558
16370
56389
90354
39888
65046
23276
59246
89842
42325
43522
25731
38683
99522
65647
59941
18831
701
65285
31422
12379
4636
2990
17834
50090
29549
63990
3715
49633
39061
50085
86105
33225
83784
4263
12514
30137
93964
20544
730
32601
49754
47278
99025
61106
64542
29653
62532
42453
88736
96167
94969
97679
41237
6057
83362
58586
36579
37255
8290
48385
25840
49264
87199
92719
81631
31226
88938
5654
2627
86569
52193
88044
19615
30276
24627
3040
94822
54690
33224
9117
50047
12260
5115
72970
69514
54203
27529
62781
60466
11264
36548
29711
75615
46371
25555
80733
2352
74919
40676
40728
18060
94486
36558
1573
85655
36439
51492
51204
92567
96877
40195
77025
45735
55807
83173
2316
24655
75803
4711
89704
41422
29689
94961
85684
53478
72371
74603
29121
88052
59659
86032
50266
50603
65560
73959
66202
31952
10611
69851
55698
93095
88907
44244
25771
18508
89303
36120
10182
8452
63604
42554
95387
50371
76291
10494
41801
44851
23667
60976
95055
96469
10515
69141
93434
86039
18285
19867
9238
79601
86112
21727
76032
96746
65613
36874
11391
83679
62296
54423
85426
30563
11966
59868
441
29267
85058
98744
65967
5756
74659
66648
26111
37514
57018
64912
21582
26178
63815
88259
31145
79393
47972
43647
52671
7796
80470
93786
56743
27469
92680
40701
98202
58437
65682
38603
60897
62577
66481
35856
42922
3710
76614
93894
93480
82316
67320
5585
33467
1823
31527
57486
96132
2380
71686
97645
6403
25502
33200
12362
86022
38347
60333
2965
16694
19441
83633
83618
71393
92897
39512
19660
29628
78900
63917
14474
22499
36440
27524
86702
24922
56052
87850
6483
62381
53209
46490
66244
76861
50834
89201
87156
71476
95510
60439
81591
74479
43153
81442
36482
28271
1454
66989
13675
90192
93861
82317
41199
1010
21776
74924
8295
29257
9785
86347
40474
20848
44325
52491
32989
41144
74017
51869
17876
62060
48433
85519
4074
4072
25035
95921
67937
13198
38010
69019
86829
69037
52786
52805
92898
5545
86516
57354
11372
40362
85175
54592
303
34266
73982
95426
620
44779
63798
84170
15905
54259
19094
87298
13195
48046
12280
85324
3861
7319
22808
63337
5591
74277
62850
71772
35193
6250
51093
60620
90787
28034
63451
61080
66707
99921
1459
61232
2689
52553
48203
21634
38433
30033
45924
41968
42303
76690
58467
81879
70863
30314
12700
79124
79224
80528
50458
65941
15611
53554
30676
1514
56543
10284
70876
84587
95033
71903
31999
58576
75131
96988
82088
6558
76718
38189
87653
1323
28830
69628
63055
14219
92238
90384
37007
64003
4168
31186
34229
51554
54381
67491
49821
42648
41637
85191
88134
49468
4906
92778
6586
29599
50070
42121
13582
94937
78953
22179
14838
97046
85862
71337
51348
59622
28399
43899
91538
86016
41193
15070
6213
89469
9446
9938
79509
48859
34648
53005
96274
99239
17585
50011
69028
28161
48743
65866
63300
35974
30793
83052
88487
44612
57707
51066
59783
92564
20526
22057
27486
46680
41971
19054
38130
9893
25101
22696
48753
80109
93052
49493
50187
1819
93788
6856
39736
7272
33896
95404
20798
14406
18559
94490
11695
43014
3538
47851
71821
59950
34102
74359
19370
78108
60668
96915
92482
1321
76980
68559
52164
23484
66647
92033
98526
69630
46816
37671
84445
74916
53498
31943
71704
43721
8923
47785
31983
80061
49257
76260
17383
49572
46653
51706
33641
68918
97426
28101
54655
6652
3070
8638
30722
10701
83641
2275
36897
43208
45472
56214
49872
87644
50684
51124
82083
98657
86753
22284
71165
68357
68776
36612
45855
74504
45995
2908
50589
9141
50467
20190
69632
83169
36501
70431
26627
86814
49654
14196
83873
30599
78541
83424
35409
89584
43954
82781
945
44058
76935
58571
48758
5041
42441
94728
3668
47922
12031
54836
54405
991
5477
46333
54504
42483
30523
62886
520
70428
92953
54716
86911
85107
82889
64847
2779
6006
44941
91799
41350
19944
16944
9875
76049
6618
36641
77134
55978
16968
27610
59029
26005
19805
78139
97337
81315
76310
18479
10145
2398
81803
4306
31168
1269
89970
98763
44028
21688
48988
80410
86409
28833
7586
80852
68295
14750
16277
45798
15063
23426
98302
65466
58595
57578
55102
24903
70457
86114
9784
86554
93968
6878
48864
97562
51613
31363
82720
2336
66325
89746
28923
92779
79856
96468
65413
96711
35345
82673
59979
80820
9005
17595
81775
47936
49933
41057
55723
46846
82777
71409
22939
97105
35122
40918
22498
59125
20028
67323
39172
48461
48448
2700
47569
32337
37540
75063
66338
72321
95206
63612
16386
38079
88477
6819
12320
94694
65978
8314
77985
79529
92918
19498
11846
84863
58404
67852
62018
19316
974185840
965526800
394535824
999621709
953375014
132898710
791006036
902452326
567243668
135890074
590752096
337475982
358600086
821632624
892514460
933078538
438828204
895867976
685162869
353931191
684702513
906387771
727081945
724297380
988617944
981027835
369136831
697266409
724920028
557841572
836285042
865958236
306328633
201212102
454743833
371483013
423788685
281639734
438593666
478384187
228965596
449905440
609831039
788675103
123188786
296526038
871225826
216806175
766221232
934767261
300668022
912512632
375712172
189620875
317904548
798481689
7214151
637038651
57653265
517092503
794328917
983376256
996503357
621387515
544841566
785154294
105832112
803923187
925314887
552064769
543972070
470107948
911840702
540973914
21962867
335577519
217087623
877180455
974859439
492542246
324829307
100018690
549635298
342405997
776289578
689166072
361689054
546919511
713646316
739204779
246578786
173945095
181822534
759409569
612191467
693988048
536642552
365365325
345449503
459018224
197739969
299024857
952981109
319635090
309176274
335074290
163270646
614015383
71912718
577405296
665676187
187897776
441585089
854191833
181754890
744129156
503361327
3154824
709916364
786843666
326612523
558681590
687218171
304847648
630230930
528790784
626323058
808621344
128808901
17646430
790544114
926670653
465487383
744089821
142962631
173936625
523033657
485129495
209797525
289121811
763531045
897090999
210182957
617806093
826816232
567566577
437797960
345526814
416416979
359246470
782513857
675547601
755046485
97567322
448756652
954637371
657875285
390040096
17694357
302906487
47199753
993313
777763075
903549852
447270165
204867875
242019051
113100461
635780941
931872933
170660543
449503368
757382730
216967477
368258851
948385756
709528985
632666317
257026342
794943814
245969944
924319433
464864700
494151521
341678310
290142612
445591644
560416098
335833995
762837524
518632165
345779435
725560982
605657628
574362090
233004414
36243232
812793341
449003733
173181073
455106238
278807263
85205657
387955543
522668905
88012905
310076705
503043493
806303779
785996570
521347926
640074595
323949293
735176732
242110521
80619405
784777747
347154986
8184718
985806228
643490583
299753235
525329726
66885205
497063833
410788214
671420948
733091612
896395726
199067909
692754315
363583584
237483080
652301777
230297167
716129002
28960520
353694998
704934069
563438830
822270518
674551170
300791105
319053722
22386644
861422434
284520222
946245184
820993906
372033322
596641512
571496546
71041570
211203247
184289248
185837958
948205647
119336923
358252406
508559637
721333501
384851466
898484539
351939811
8539935
259550003
458277729
106813286
157027812
127655793
84254070
95403689
382033123
788606911
2315384
965815633
972828608
166908818
596986349
861835537
191072576
272541205
613350825
88395356
480428318
323016346
927643087
877817763
812820092
460753926
626720899
904718969
442898078
772915707
811204377
883676054
193530605
935718853
970693763
377137142
906006771
641731590
121114108
285749721
959863354
102748085
363198241
769813666
833598599
924803003
930583562
224579557
954048720
689359303
300942094
609252416
136087050
347231020
131633758
253951236
904968982
105395731
86934867
610754228
323375968
121755155
219774261
327730242
323497502
679085577
738386747
640479261
492499148
173669930
98980610
778944699
990683701
737792061
497421550
910578007
480878331
847725077
3848269
600974188
245210707
825179309
152632423
866704751
811461851
520610724
130355992
667972727
561764244
419850630
262848072
946011166
399960222
897163717
419954657
458970917
799945950
488917609
613303433
285192460
759227081
28094689
477880639
531993940
407635079
219712661
659534572
846131673
627922704
447520180
119012726
614272843
985024248
88223979
749223955
830047702
175211586
927854179
711552760
611203345
913381116
487279480
75667427
948610189
957788363
153233612
52641514
255650802
286481237
754434304
168214525
589703422
974212547
876943032
989559403
450484774
718226863
246377656
599676648
900188991
440221021
272244036
733590969
731925964
412488027
30035640
461809477
175288396
725324570
776306698
526628216
724653605
600322862
951637348
459509434
873041982
745820216
70136364
822345470
107536798
275318434
986496590
957095411
677212015
146467058
47407624
259242188
243504502
786581780
632369736
781980066
252301942
352680743
835459480
313466208
739512145
533645575
259545783
345473985
459196468
888103688
135923558
748735598
24197898
364816592
999497219
177712834
381091416
323166862
65816520
838803013
627172991
301673374
656486879
504908502
187258029
781377031
290386316
244967446
181791940
121112409
535771954
680337152
113647483
689302971
69368706
318764149
817750986
335291660
548560425
917544313
770564406
496302698
246846694
163643525
279492
888920703
40354578
879629152
326589398
67204655
504450697
820132518
235150697
716388428
761097064
448301769
471791095
827494214
427513581
4283277
405894137
524074475
578035042
725732020
113469648
206504294
424965159
231386548
13821556
505722222
343661879
806045606
771725185
635367887
275735762
544431579
601817194
675465388
957423787
324062870
226077737
891369290
110710042
923370867
995133579
755657793
280606311
73416583
211523076
877820157
510958975
420771521
988343607
349934435
252167177
506836124
584479578
567559718
352727396
756303263
821984487
14301448
992631968
321375724
380374505
821349043
352794138
707991013
566137295
576884107
314153160
364932926
637832471
372371575
474451028
155193362
793129484
896454586
453456720
386377220
14794798
917404463
865202593
24086791
84655140
572320561
449753290
873968925
128899588
723690089
552171384
158745164
927222698
701215407
533645243
540643603
436575768
721746724
847738791
811648590
82588453
923890947
482520411
847021262
407556315
259592388
650565769
458912007
524028822
945589065
115722585
914007735
407745741
401882429
242020270
780175110
513403863
643259564
412159158
207907502
484022965
754051020
603252168
179667631
49123902
51874043
680245579
720161784
347644068
7526645
347082407
88538864
548056005
376771194
10443681
788602505
489361765
631509954
393316637
447127504
618157865
985311846
394098992
911237713
312508396
516916016
658124338
181115707
919711771
196446723
340808121
132987401
724546576
718892935
244682536
447872165
188854269
692921361
237965445
39485725
311280725
887018713
757944467
56186248
882821026
453713445
993071393
514563410
383026551
846939514
413260197
114340635
733686049
312722402
908547490
861666804
955683184
421947882
884503159
506581238
712716968
830589015
818387664
272073904
115354586
816955635
812433461
516219060
422836505
547989378
290682904
94551061
338018119
743269549
381845382
963267639
937054764
221428955
885670486
102432426
493163526
277328889
331105819
618496621
878865398
597928800
178854236
2523122
427206252
494008225
180678492
459059110
983607771
354300035
834990628
195779297
460676412
19003796
15442862
392415720
530359846
124277831
467530818
472748689
17611839
909959603
325848938
466722503
614841568
988106098
337836072
163305554
437165083
47874484
727848964
812165787
881916588
43967030
687474108
821580674
323234051
608149717
996828667
948402249
781916017
71825222
258742079
340254882
399297222
854703918
124482345
872178883
218962664
484615615
346416286
447851190
660247805
899240966
116822125
443702381
768807036
647863824
310621695
464802646
22448873
252821155
520095692
937911364
616798209
141622470
491669390
71174589
710097820
602734182
163747767
607404653
962572709
760806596
675247963
91017244
952921193
137053123
75148799
412655392
580595498
599978575
248853972
246408297
156626594
261572624
477754447
299271975
880523110
341007093
237711934
628010938
728755046
158618090
925882890
611444442
668836753
336071614
381383086
996021990
884357242
535593187
788835382
290810162
212482059
893687960
631396374
169040331
262145789
64343634
760693854
387628263
574812817
66885624
966917441
564934822
604311560
641421940
968857968
691575788
429167790
275903587
450185762
398438179
196027746
407137576
568777247
674809447
472793231
626061414
990649870
615042138
91257413
817032824
943903072
704908183
591264806
695838571
294128414
429695797
739226306
566675836
968307264
284516107
376297006
303835529
239730473
376738311
54816416
389899856
710980121
589489054
575226516
43803416
305934039
659653753
858053430
706835147
326660948
267467821
853338646
116301953
174349354
176304605
742875103
903810852
68274083
65167418
453672431
563790053
912749787
290747672
222676031
544907973
733438095
471523303
93365194
623862947
16903349
707067026
875522327
598718628
622659903
263343044
696630888
929435567
96268119
408582522
833090680
962126186
185071070
703116748
702300488
417039828
493407580
454625327
321853194
544010770
168948482
707766140
928547134
370422548
728421344
822161206
520784456
64240186
437117534
242404284
755401081
611623687
938782355
327676683
831271000
365516432
852350677
808382318
873914198
441483577
938381403
798620247
995390241
19601554
12406652
106254622
750022592
987098533
582548330
213355469
844291750
755642256
896922114
88203654
505960411
652880103
343587446
302538316
655192273
203708385
606012408
818346848
661984222
483163431
899095561
192227775
561699770
494089734
25707745
6923863
937037320
290381607
767869581
800792159
186481871
778907429
549773391
940120508
741511062
780700440
77085551
428213109
728515055
785144985
790972007
113835630
327298227
746077479
855804067
655593567
411388695
298456729
224097741
269852841
803242544
905092105
785895520
348093982
747344726
183511509
549745543
824485808
125649232
659642616
140731088
545672669
216545048
826537647
704516050
822586413
836637260
252467454
64105840
831895900
198412392
588962788
621952731
967086064
23681828
572508632
466867571
669574962
871625104
456010352
622780308
856822615
630848894
488233267
111566372
530802935
879960682
180065158
875293589
724002038
930098498
776450446
298409447
402992975
239430417
451000941
836017603
156362675
269783791
