4000
6853 6853 6853 6853 6853 6853 6853 6853 6853 6853 6853 6853 6853 6853 6853 6853 6853 6853 6853 6853 6853 6853 6853 6853 6853 6853 6853 6853 6853 6853 6853 6853 6853 6853 6853 6853 6853 6853 6853 6853 6853 6853 6853 6853 6853 6853 6853 6853 6853 6853 
5575 5575 5575 5575 5575 5575 5575 5575 5575 5575 5575 5575 5575 5575 5575 5575 5575 5575 5575 5575 5575 5575 5575 5575 5575 5575 5575 5575 5575 5575 5575 5575 5575 5575 5575 5575 5575 5575 5575 5575 5575 5575 5575 5575 5575 5575 5575 5575 5575 5575 
2465 2465 2465 2465 2465 2465 2465 2465 2465 2465 2465 2465 2465 2465 2465 2465 2465 2465 2465 2465 2465 2465 2465 2465 2465 2465 2465 2465 2465 2465 2465 2465 2465 2465 2465 2465 2465 2465 2465 2465 2465 2465 2465 2465 2465 2465 2465 2465 2465 2465 
1524 1524 1524 1524 1524 1524 1524 1524 1524 1524 1524 1524 1524 1524 1524 1524 1524 1524 1524 1524 1524 1524 1524 1524 1524 1524 1524 1524 1524 1524 1524 1524 1524 1524 1524 1524 1524 1524 1524 1524 1524 1524 1524 1524 1524 1524 1524 1524 1524 1524 
2556 2556 2556 2556 2556 2556 2556 2556 2556 2556 2556 2556 2556 2556 2556 2556 2556 2556 2556 2556 2556 2556 2556 2556 2556 2556 2556 2556 2556 2556 2556 2556 2556 2556 2556 2556 2556 2556 2556 2556 2556 2556 2556 2556 2556 2556 2556 2556 2556 2556 
1126 1126 1126 1126 1126 1126 1126 1126 1126 1126 1126 1126 1126 1126 1126 1126 1126 1126 1126 1126 1126 1126 1126 1126 1126 1126 1126 1126 1126 1126 1126 1126 1126 1126 1126 1126 1126 1126 1126 1126 1126 1126 1126 1126 1126 1126 1126 1126 1126 1126 
3854 3854 3854 3854 3854 3854 3854 3854 3854 3854 3854 3854 3854 3854 3854 3854 3854 3854 3854 3854 3854 3854 3854 3854 3854 3854 3854 3854 3854 3854 3854 3854 3854 3854 3854 3854 3854 3854 3854 3854 3854 3854 3854 3854 3854 3854 3854 3854 3854 3854 
3558 3558 3558 3558 3558 3558 3558 3558 3558 3558 3558 3558 3558 3558 3558 3558 3558 3558 3558 3558 3558 3558 3558 3558 3558 3558 3558 3558 3558 3558 3558 3558 3558 3558 3558 3558 3558 3558 3558 3558 3558 3558 3558 3558 3558 3558 3558 3558 3558 3558 
7024 7024 7024 7024 7024 7024 7024 7024 7024 7024 7024 7024 7024 7024 7024 7024 7024 7024 7024 7024 7024 7024 7024 7024 7024 7024 7024 7024 7024 7024 7024 7024 7024 7024 7024 7024 7024 7024 7024 7024 7024 7024 7024 7024 7024 7024 7024 7024 7024 7024 
2274 2274 2274 2274 2274 2274 2274 2274 2274 2274 2274 2274 2274 2274 2274 2274 2274 2274 2274 2274 2274 2274 2274 2274 2274 2274 2274 2274 2274 2274 2274 2274 2274 2274 2274 2274 2274 2274 2274 2274 2274 2274 2274 2274 2274 2274 2274 2274 2274 2274 
5328 5328 5328 5328 5328 5328 5328 5328 5328 5328 5328 5328 5328 5328 5328 5328 5328 5328 5328 5328 5328 5328 5328 5328 5328 5328 5328 5328 5328 5328 5328 5328 5328 5328 5328 5328 5328 5328 5328 5328 5328 5328 5328 5328 5328 5328 5328 5328 5328 5328 
5418 5418 5418 5418 5418 5418 5418 5418 5418 5418 5418 5418 5418 5418 5418 5418 5418 5418 5418 5418 5418 5418 5418 5418 5418 5418 5418 5418 5418 5418 5418 5418 5418 5418 5418 5418 5418 5418 5418 5418 5418 5418 5418 5418 5418 5418 5418 5418 5418 5418 
6612 6612 6612 6612 6612 6612 6612 6612 6612 6612 6612 6612 6612 6612 6612 6612 6612 6612 6612 6612 6612 6612 6612 6612 6612 6612 6612 6612 6612 6612 6612 6612 6612 6612 6612 6612 6612 6612 6612 6612 6612 6612 6612 6612 6612 6612 6612 6612 6612 6612 
5969 5969 5969 5969 5969 5969 5969 5969 5969 5969 5969 5969 5969 5969 5969 5969 5969 5969 5969 5969 5969 5969 5969 5969 5969 5969 5969 5969 5969 5969 5969 5969 5969 5969 5969 5969 5969 5969 5969 5969 5969 5969 5969 5969 5969 5969 5969 5969 5969 5969 
971 971 971 971 971 971 971 971 971 971 971 971 971 971 971 971 971 971 971 971 971 971 971 971 971 971 971 971 971 971 971 971 971 971 971 971 971 971 971 971 971 971 971 971 971 971 971 971 971 971 
1449 1449 1449 1449 1449 1449 1449 1449 1449 1449 1449 1449 1449 1449 1449 1449 1449 1449 1449 1449 1449 1449 1449 1449 1449 1449 1449 1449 1449 1449 1449 1449 1449 1449 1449 1449 1449 1449 1449 1449 1449 1449 1449 1449 1449 1449 1449 1449 1449 1449 
2508 2508 2508 2508 2508 2508 2508 2508 2508 2508 2508 2508 2508 2508 2508 2508 2508 2508 2508 2508 2508 2508 2508 2508 2508 2508 2508 2508 2508 2508 2508 2508 2508 2508 2508 2508 2508 2508 2508 2508 2508 2508 2508 2508 2508 2508 2508 2508 2508 2508 
4126 4126 4126 4126 4126 4126 4126 4126 4126 4126 4126 4126 4126 4126 4126 4126 4126 4126 4126 4126 4126 4126 4126 4126 4126 4126 4126 4126 4126 4126 4126 4126 4126 4126 4126 4126 4126 4126 4126 4126 4126 4126 4126 4126 4126 4126 4126 4126 4126 4126 
2515 2515 2515 2515 2515 2515 2515 2515 2515 2515 2515 2515 2515 2515 2515 2515 2515 2515 2515 2515 2515 2515 2515 2515 2515 2515 2515 2515 2515 2515 2515 2515 2515 2515 2515 2515 2515 2515 2515 2515 2515 2515 2515 2515 2515 2515 2515 2515 2515 2515 
1343 1343 1343 1343 1343 1343 1343 1343 1343 1343 1343 1343 1343 1343 1343 1343 1343 1343 1343 1343 1343 1343 1343 1343 1343 1343 1343 1343 1343 1343 1343 1343 1343 1343 1343 1343 1343 1343 1343 1343 1343 1343 1343 1343 1343 1343 1343 1343 1343 1343 
5678 5678 5678 5678 5678 5678 5678 5678 5678 5678 5678 5678 5678 5678 5678 5678 5678 5678 5678 5678 5678 5678 5678 5678 5678 5678 5678 5678 5678 5678 5678 5678 5678 5678 5678 5678 5678 5678 5678 5678 5678 5678 5678 5678 5678 5678 5678 5678 5678 5678 
632 632 632 632 632 632 632 632 632 632 632 632 632 632 632 632 632 632 632 632 632 632 632 632 632 632 632 632 632 632 632 632 632 632 632 632 632 632 632 632 632 632 632 632 632 632 632 632 632 632 
165 165 165 165 165 165 165 165 165 165 165 165 165 165 165 165 165 165 165 165 165 165 165 165 165 165 165 165 165 165 165 165 165 165 165 165 165 165 165 165 165 165 165 165 165 165 165 165 165 165 
121 121 121 121 121 121 121 121 121 121 121 121 121 121 121 121 121 121 121 121 121 121 121 121 121 121 121 121 121 121 121 121 121 121 121 121 121 121 121 121 121 121 121 121 121 121 121 121 121 121 
2373 2373 2373 2373 2373 2373 2373 2373 2373 2373 2373 2373 2373 2373 2373 2373 2373 2373 2373 2373 2373 2373 2373 2373 2373 2373 2373 2373 2373 2373 2373 2373 2373 2373 2373 2373 2373 2373 2373 2373 2373 2373 2373 2373 2373 2373 2373 2373 2373 2373 
3152 3152 3152 3152 3152 3152 3152 3152 3152 3152 3152 3152 3152 3152 3152 3152 3152 3152 3152 3152 3152 3152 3152 3152 3152 3152 3152 3152 3152 3152 3152 3152 3152 3152 3152 3152 3152 3152 3152 3152 3152 3152 3152 3152 3152 3152 3152 3152 3152 3152 
348 348 348 348 348 348 348 348 348 348 348 348 348 348 348 348 348 348 348 348 348 348 348 348 348 348 348 348 348 348 348 348 348 348 348 348 348 348 348 348 348 348 348 348 348 348 348 348 348 348 
945 945 945 945 945 945 945 945 945 945 945 945 945 945 945 945 945 945 945 945 945 945 945 945 945 945 945 945 945 945 945 945 945 945 945 945 945 945 945 945 945 945 945 945 945 945 945 945 945 945 
635 635 635 635 635 635 635 635 635 635 635 635 635 635 635 635 635 635 635 635 635 635 635 635 635 635 635 635 635 635 635 635 635 635 635 635 635 635 635 635 635 635 635 635 635 635 635 635 635 635 
1147 1147 1147 1147 1147 1147 1147 1147 1147 1147 1147 1147 1147 1147 1147 1147 1147 1147 1147 1147 1147 1147 1147 1147 1147 1147 1147 1147 1147 1147 1147 1147 1147 1147 1147 1147 1147 1147 1147 1147 1147 1147 1147 1147 1147 1147 1147 1147 1147 1147 
1015 1015 1015 1015 1015 1015 1015 1015 1015 1015 1015 1015 1015 1015 1015 1015 1015 1015 1015 1015 1015 1015 1015 1015 1015 1015 1015 1015 1015 1015 1015 1015 1015 1015 1015 1015 1015 1015 1015 1015 1015 1015 1015 1015 1015 1015 1015 1015 1015 1015 
1911 1911 1911 1911 1911 1911 1911 1911 1911 1911 1911 1911 1911 1911 1911 1911 1911 1911 1911 1911 1911 1911 1911 1911 1911 1911 1911 1911 1911 1911 1911 1911 1911 1911 1911 1911 1911 1911 1911 1911 1911 1911 1911 1911 1911 1911 1911 1911 1911 1911 
1568 1568 1568 1568 1568 1568 1568 1568 1568 1568 1568 1568 1568 1568 1568 1568 1568 1568 1568 1568 1568 1568 1568 1568 1568 1568 1568 1568 1568 1568 1568 1568 1568 1568 1568 1568 1568 1568 1568 1568 1568 1568 1568 1568 1568 1568 1568 1568 1568 1568 
4502 4502 4502 4502 4502 4502 4502 4502 4502 4502 4502 4502 4502 4502 4502 4502 4502 4502 4502 4502 4502 4502 4502 4502 4502 4502 4502 4502 4502 4502 4502 4502 4502 4502 4502 4502 4502 4502 4502 4502 4502 4502 4502 4502 4502 4502 4502 4502 4502 4502 
325 325 325 325 325 325 325 325 325 325 325 325 325 325 325 325 325 325 325 325 325 325 325 325 325 325 325 325 325 325 325 325 325 325 325 325 325 325 325 325 325 325 325 325 325 325 325 325 325 325 
4332 4332 4332 4332 4332 4332 4332 4332 4332 4332 4332 4332 4332 4332 4332 4332 4332 4332 4332 4332 4332 4332 4332 4332 4332 4332 4332 4332 4332 4332 4332 4332 4332 4332 4332 4332 4332 4332 4332 4332 4332 4332 4332 4332 4332 4332 4332 4332 4332 4332 
1316 1316 1316 1316 1316 1316 1316 1316 1316 1316 1316 1316 1316 1316 1316 1316 1316 1316 1316 1316 1316 1316 1316 1316 1316 1316 1316 1316 1316 1316 1316 1316 1316 1316 1316 1316 1316 1316 1316 1316 1316 1316 1316 1316 1316 1316 1316 1316 1316 1316 
2613 2613 2613 2613 2613 2613 2613 2613 2613 2613 2613 2613 2613 2613 2613 2613 2613 2613 2613 2613 2613 2613 2613 2613 2613 2613 2613 2613 2613 2613 2613 2613 2613 2613 2613 2613 2613 2613 2613 2613 2613 2613 2613 2613 2613 2613 2613 2613 2613 2613 
2454 2454 2454 2454 2454 2454 2454 2454 2454 2454 2454 2454 2454 2454 2454 2454 2454 2454 2454 2454 2454 2454 2454 2454 2454 2454 2454 2454 2454 2454 2454 2454 2454 2454 2454 2454 2454 2454 2454 2454 2454 2454 2454 2454 2454 2454 2454 2454 2454 2454 
699 699 699 699 699 699 699 699 699 699 699 699 699 699 699 699 699 699 699 699 699 699 699 699 699 699 699 699 699 699 699 699 699 699 699 699 699 699 699 699 699 699 699 699 699 699 699 699 699 699 
3782 3782 3782 3782 3782 3782 3782 3782 3782 3782 3782 3782 3782 3782 3782 3782 3782 3782 3782 3782 3782 3782 3782 3782 3782 3782 3782 3782 3782 3782 3782 3782 3782 3782 3782 3782 3782 3782 3782 3782 3782 3782 3782 3782 3782 3782 3782 3782 3782 3782 
3374 3374 3374 3374 3374 3374 3374 3374 3374 3374 3374 3374 3374 3374 3374 3374 3374 3374 3374 3374 3374 3374 3374 3374 3374 3374 3374 3374 3374 3374 3374 3374 3374 3374 3374 3374 3374 3374 3374 3374 3374 3374 3374 3374 3374 3374 3374 3374 3374 3374 
1882 1882 1882 1882 1882 1882 1882 1882 1882 1882 1882 1882 1882 1882 1882 1882 1882 1882 1882 1882 1882 1882 1882 1882 1882 1882 1882 1882 1882 1882 1882 1882 1882 1882 1882 1882 1882 1882 1882 1882 1882 1882 1882 1882 1882 1882 1882 1882 1882 1882 
2748 2748 2748 2748 2748 2748 2748 2748 2748 2748 2748 2748 2748 2748 2748 2748 2748 2748 2748 2748 2748 2748 2748 2748 2748 2748 2748 2748 2748 2748 2748 2748 2748 2748 2748 2748 2748 2748 2748 2748 2748 2748 2748 2748 2748 2748 2748 2748 2748 2748 
1143 1143 1143 1143 1143 1143 1143 1143 1143 1143 1143 1143 1143 1143 1143 1143 1143 1143 1143 1143 1143 1143 1143 1143 1143 1143 1143 1143 1143 1143 1143 1143 1143 1143 1143 1143 1143 1143 1143 1143 1143 1143 1143 1143 1143 1143 1143 1143 1143 1143 
2710 2710 2710 2710 2710 2710 2710 2710 2710 2710 2710 2710 2710 2710 2710 2710 2710 2710 2710 2710 2710 2710 2710 2710 2710 2710 2710 2710 2710 2710 2710 2710 2710 2710 2710 2710 2710 2710 2710 2710 2710 2710 2710 2710 2710 2710 2710 2710 2710 2710 
3195 3195 3195 3195 3195 3195 3195 3195 3195 3195 3195 3195 3195 3195 3195 3195 3195 3195 3195 3195 3195 3195 3195 3195 3195 3195 3195 3195 3195 3195 3195 3195 3195 3195 3195 3195 3195 3195 3195 3195 3195 3195 3195 3195 3195 3195 3195 3195 3195 3195 
2790 2790 2790 2790 2790 2790 2790 2790 2790 2790 2790 2790 2790 2790 2790 2790 2790 2790 2790 2790 2790 2790 2790 2790 2790 2790 2790 2790 2790 2790 2790 2790 2790 2790 2790 2790 2790 2790 2790 2790 2790 2790 2790 2790 2790 2790 2790 2790 2790 2790 
2776 2776 2776 2776 2776 2776 2776 2776 2776 2776 2776 2776 2776 2776 2776 2776 2776 2776 2776 2776 2776 2776 2776 2776 2776 2776 2776 2776 2776 2776 2776 2776 2776 2776 2776 2776 2776 2776 2776 2776 2776 2776 2776 2776 2776 2776 2776 2776 2776 2776 
2052 2052 2052 2052 2052 2052 2052 2052 2052 2052 2052 2052 2052 2052 2052 2052 2052 2052 2052 2052 2052 2052 2052 2052 2052 2052 2052 2052 2052 2052 2052 2052 2052 2052 2052 2052 2052 2052 2052 2052 2052 2052 2052 2052 2052 2052 2052 2052 2052 2052 
1188 1188 1188 1188 1188 1188 1188 1188 1188 1188 1188 1188 1188 1188 1188 1188 1188 1188 1188 1188 1188 1188 1188 1188 1188 1188 1188 1188 1188 1188 1188 1188 1188 1188 1188 1188 1188 1188 1188 1188 1188 1188 1188 1188 1188 1188 1188 1188 1188 1188 
2624 2624 2624 2624 2624 2624 2624 2624 2624 2624 2624 2624 2624 2624 2624 2624 2624 2624 2624 2624 2624 2624 2624 2624 2624 2624 2624 2624 2624 2624 2624 2624 2624 2624 2624 2624 2624 2624 2624 2624 2624 2624 2624 2624 2624 2624 2624 2624 2624 2624 
448 448 448 448 448 448 448 448 448 448 448 448 448 448 448 448 448 448 448 448 448 448 448 448 448 448 448 448 448 448 448 448 448 448 448 448 448 448 448 448 448 448 448 448 448 448 448 448 448 448 
1462 1462 1462 1462 1462 1462 1462 1462 1462 1462 1462 1462 1462 1462 1462 1462 1462 1462 1462 1462 1462 1462 1462 1462 1462 1462 1462 1462 1462 1462 1462 1462 1462 1462 1462 1462 1462 1462 1462 1462 1462 1462 1462 1462 1462 1462 1462 1462 1462 1462 
1594 1594 1594 1594 1594 1594 1594 1594 1594 1594 1594 1594 1594 1594 1594 1594 1594 1594 1594 1594 1594 1594 1594 1594 1594 1594 1594 1594 1594 1594 1594 1594 1594 1594 1594 1594 1594 1594 1594 1594 1594 1594 1594 1594 1594 1594 1594 1594 1594 1594 
390 390 390 390 390 390 390 390 390 390 390 390 390 390 390 390 390 390 390 390 390 390 390 390 390 390 390 390 390 390 390 390 390 390 390 390 390 390 390 390 390 390 390 390 390 390 390 390 390 390 
1402 1402 1402 1402 1402 1402 1402 1402 1402 1402 1402 1402 1402 1402 1402 1402 1402 1402 1402 1402 1402 1402 1402 1402 1402 1402 1402 1402 1402 1402 1402 1402 1402 1402 1402 1402 1402 1402 1402 1402 1402 1402 1402 1402 1402 1402 1402 1402 1402 1402 
1305 1305 1305 1305 1305 1305 1305 1305 1305 1305 1305 1305 1305 1305 1305 1305 1305 1305 1305 1305 1305 1305 1305 1305 1305 1305 1305 1305 1305 1305 1305 1305 1305 1305 1305 1305 1305 1305 1305 1305 1305 1305 1305 1305 1305 1305 1305 1305 1305 1305 
1442 1442 1442 1442 1442 1442 1442 1442 1442 1442 1442 1442 1442 1442 1442 1442 1442 1442 1442 1442 1442 1442 1442 1442 1442 1442 1442 1442 1442 1442 1442 1442 1442 1442 1442 1442 1442 1442 1442 1442 1442 1442 1442 1442 1442 1442 1442 1442 1442 1442 
1253 1253 1253 1253 1253 1253 1253 1253 1253 1253 1253 1253 1253 1253 1253 1253 1253 1253 1253 1253 1253 1253 1253 1253 1253 1253 1253 1253 1253 1253 1253 1253 1253 1253 1253 1253 1253 1253 1253 1253 1253 1253 1253 1253 1253 1253 1253 1253 1253 1253 
1499 1499 1499 1499 1499 1499 1499 1499 1499 1499 1499 1499 1499 1499 1499 1499 1499 1499 1499 1499 1499 1499 1499 1499 1499 1499 1499 1499 1499 1499 1499 1499 1499 1499 1499 1499 1499 1499 1499 1499 1499 1499 1499 1499 1499 1499 1499 1499 1499 1499 
529 529 529 529 529 529 529 529 529 529 529 529 529 529 529 529 529 529 529 529 529 529 529 529 529 529 529 529 529 529 529 529 529 529 529 529 529 529 529 529 529 529 529 529 529 529 529 529 529 529 
270 270 270 270 270 270 270 270 270 270 270 270 270 270 270 270 270 270 270 270 270 270 270 270 270 270 270 270 270 270 270 270 270 270 270 270 270 270 270 270 270 270 270 270 270 270 270 270 270 270 
987 987 987 987 987 987 987 987 987 987 987 987 987 987 987 987 987 987 987 987 987 987 987 987 987 987 987 987 987 987 987 987 987 987 987 987 987 987 987 987 987 987 987 987 987 987 987 987 987 987 
1457 1457 1457 1457 1457 1457 1457 1457 1457 1457 1457 1457 1457 1457 1457 1457 1457 1457 1457 1457 1457 1457 1457 1457 1457 1457 1457 1457 1457 1457 1457 1457 1457 1457 1457 1457 1457 1457 1457 1457 1457 1457 1457 1457 1457 1457 1457 1457 1457 1457 
977 977 977 977 977 977 977 977 977 977 977 977 977 977 977 977 977 977 977 977 977 977 977 977 977 977 977 977 977 977 977 977 977 977 977 977 977 977 977 977 977 977 977 977 977 977 977 977 977 977 
701 701 701 701 701 701 701 701 701 701 701 701 701 701 701 701 701 701 701 701 701 701 701 701 701 701 701 701 701 701 701 701 701 701 701 701 701 701 701 701 701 701 701 701 701 701 701 701 701 701 
425 425 425 425 425 425 425 425 425 425 425 425 425 425 425 425 425 425 425 425 425 425 425 425 425 425 425 425 425 425 425 425 425 425 425 425 425 425 425 425 425 425 425 425 425 425 425 425 425 425 
597 597 597 597 597 597 597 597 597 597 597 597 597 597 597 597 597 597 597 597 597 597 597 597 597 597 597 597 597 597 597 597 597 597 597 597 597 597 597 597 597 597 597 597 597 597 597 597 597 597 
177 177 177 177 177 177 177 177 177 177 177 177 177 177 177 177 177 177 177 177 177 177 177 177 177 177 177 177 177 177 177 177 177 177 177 177 177 177 177 177 177 177 177 177 177 177 177 177 177 177 
686 686 686 686 686 686 686 686 686 686 686 686 686 686 686 686 686 686 686 686 686 686 686 686 686 686 686 686 686 686 686 686 686 686 686 686 686 686 686 686 686 686 686 686 686 686 686 686 686 686 
225 225 225 225 225 225 225 225 225 225 225 225 225 225 225 225 225 225 225 225 225 225 225 225 225 225 225 225 225 225 225 225 225 225 225 225 225 225 225 225 225 225 225 225 225 225 225 225 225 225 
54 54 54 54 54 54 54 54 54 54 54 54 54 54 54 54 54 54 54 54 54 54 54 54 54 54 54 54 54 54 54 54 54 54 54 54 54 54 54 54 54 54 54 54 54 54 54 54 54 54 
271 271 271 271 271 271 271 271 271 271 271 271 271 271 271 271 271 271 271 271 271 271 271 271 271 271 271 271 271 271 271 271 271 271 271 271 271 271 271 271 271 271 271 271 271 271 271 271 271 271 
210 210 210 210 210 210 210 210 210 210 210 210 210 210 210 210 210 210 210 210 210 210 210 210 210 210 210 210 210 210 210 210 210 210 210 210 210 210 210 210 210 210 210 210 210 210 210 210 210 210 
444 444 444 444 444 444 444 444 444 444 444 444 444 444 444 444 444 444 444 444 444 444 444 444 444 444 444 444 444 444 444 444 444 444 444 444 444 444 444 444 444 444 444 444 444 444 444 444 444 444 
324 324 324 324 324 324 324 324 324 324 324 324 324 324 324 324 324 324 324 324 324 324 324 324 324 324 324 324 324 324 324 324 324 324 324 324 324 324 324 324 324 324 324 324 324 324 324 324 324 324 
260 260 260 260 260 260 260 260 260 260 260 260 260 260 260 260 260 260 260 260 260 260 260 260 260 260 260 260 260 260 260 260 260 260 260 260 260 260 260 260 260 260 260 260 260 260 260 260 260 260 
117 117 117 117 117 117 117 117 117 117 117 117 117 117 117 117 117 117 117 117 117 117 117 117 117 117 117 117 117 117 117 117 117 117 117 117 117 117 117 117 117 117 117 117 117 117 117 117 117 117 
80 80 80 80 80 80 80 80 80 80 80 80 80 80 80 80 80 80 80 80 80 80 80 80 80 80 80 80 80 80 80 80 80 80 80 80 80 80 80 80 80 80 80 80 80 80 80 80 80 80 
