4000
1890 1890 1890 1890 1890 1890 1890 1890 1890 1890 1890 1890 1890 1890 1890 1890 1890 1890 1890 1890 1890 1890 1890 1890 1890 1890 1890 1890 1890 1890 1890 1890 1890 1890 1890 1890 1890 1890 1890 1890 1890 1890 1890 1890 1890 1890 1890 1890 1890 1890 1890 1890 1890 1890 1890 1890 1890 1890 1890 1890 1890 1890 1890 1890 1890 1890 1890 1890 1890 1890 1890 1890 1890 1890 1890 1890 1890 1890 1890 1890 
1314 1314 1314 1314 1314 1314 1314 1314 1314 1314 1314 1314 1314 1314 1314 1314 1314 1314 1314 1314 1314 1314 1314 1314 1314 1314 1314 1314 1314 1314 1314 1314 1314 1314 1314 1314 1314 1314 1314 1314 1314 1314 1314 1314 1314 1314 1314 1314 1314 1314 1314 1314 1314 1314 1314 1314 1314 1314 1314 1314 1314 1314 1314 1314 1314 1314 1314 1314 1314 1314 1314 1314 1314 1314 1314 1314 1314 1314 1314 1314 
1474 1474 1474 1474 1474 1474 1474 1474 1474 1474 1474 1474 1474 1474 1474 1474 1474 1474 1474 1474 1474 1474 1474 1474 1474 1474 1474 1474 1474 1474 1474 1474 1474 1474 1474 1474 1474 1474 1474 1474 1474 1474 1474 1474 1474 1474 1474 1474 1474 1474 1474 1474 1474 1474 1474 1474 1474 1474 1474 1474 1474 1474 1474 1474 1474 1474 1474 1474 1474 1474 1474 1474 1474 1474 1474 1474 1474 1474 1474 1474 
751 751 751 751 751 751 751 751 751 751 751 751 751 751 751 751 751 751 751 751 751 751 751 751 751 751 751 751 751 751 751 751 751 751 751 751 751 751 751 751 751 751 751 751 751 751 751 751 751 751 751 751 751 751 751 751 751 751 751 751 751 751 751 751 751 751 751 751 751 751 751 751 751 751 751 751 751 751 751 751 
2224 2224 2224 2224 2224 2224 2224 2224 2224 2224 2224 2224 2224 2224 2224 2224 2224 2224 2224 2224 2224 2224 2224 2224 2224 2224 2224 2224 2224 2224 2224 2224 2224 2224 2224 2224 2224 2224 2224 2224 2224 2224 2224 2224 2224 2224 2224 2224 2224 2224 2224 2224 2224 2224 2224 2224 2224 2224 2224 2224 2224 2224 2224 2224 2224 2224 2224 2224 2224 2224 2224 2224 2224 2224 2224 2224 2224 2224 2224 2224 
4484 4484 4484 4484 4484 4484 4484 4484 4484 4484 4484 4484 4484 4484 4484 4484 4484 4484 4484 4484 4484 4484 4484 4484 4484 4484 4484 4484 4484 4484 4484 4484 4484 4484 4484 4484 4484 4484 4484 4484 4484 4484 4484 4484 4484 4484 4484 4484 4484 4484 4484 4484 4484 4484 4484 4484 4484 4484 4484 4484 4484 4484 4484 4484 4484 4484 4484 4484 4484 4484 4484 4484 4484 4484 4484 4484 4484 4484 4484 4484 
4249 4249 4249 4249 4249 4249 4249 4249 4249 4249 4249 4249 4249 4249 4249 4249 4249 4249 4249 4249 4249 4249 4249 4249 4249 4249 4249 4249 4249 4249 4249 4249 4249 4249 4249 4249 4249 4249 4249 4249 4249 4249 4249 4249 4249 4249 4249 4249 4249 4249 4249 4249 4249 4249 4249 4249 4249 4249 4249 4249 4249 4249 4249 4249 4249 4249 4249 4249 4249 4249 4249 4249 4249 4249 4249 4249 4249 4249 4249 4249 
4735 4735 4735 4735 4735 4735 4735 4735 4735 4735 4735 4735 4735 4735 4735 4735 4735 4735 4735 4735 4735 4735 4735 4735 4735 4735 4735 4735 4735 4735 4735 4735 4735 4735 4735 4735 4735 4735 4735 4735 4735 4735 4735 4735 4735 4735 4735 4735 4735 4735 4735 4735 4735 4735 4735 4735 4735 4735 4735 4735 4735 4735 4735 4735 4735 4735 4735 4735 4735 4735 4735 4735 4735 4735 4735 4735 4735 4735 4735 4735 
5304 5304 5304 5304 5304 5304 5304 5304 5304 5304 5304 5304 5304 5304 5304 5304 5304 5304 5304 5304 5304 5304 5304 5304 5304 5304 5304 5304 5304 5304 5304 5304 5304 5304 5304 5304 5304 5304 5304 5304 5304 5304 5304 5304 5304 5304 5304 5304 5304 5304 5304 5304 5304 5304 5304 5304 5304 5304 5304 5304 5304 5304 5304 5304 5304 5304 5304 5304 5304 5304 5304 5304 5304 5304 5304 5304 5304 5304 5304 5304 
2374 2374 2374 2374 2374 2374 2374 2374 2374 2374 2374 2374 2374 2374 2374 2374 2374 2374 2374 2374 2374 2374 2374 2374 2374 2374 2374 2374 2374 2374 2374 2374 2374 2374 2374 2374 2374 2374 2374 2374 2374 2374 2374 2374 2374 2374 2374 2374 2374 2374 2374 2374 2374 2374 2374 2374 2374 2374 2374 2374 2374 2374 2374 2374 2374 2374 2374 2374 2374 2374 2374 2374 2374 2374 2374 2374 2374 2374 2374 2374 
2201 2201 2201 2201 2201 2201 2201 2201 2201 2201 2201 2201 2201 2201 2201 2201 2201 2201 2201 2201 2201 2201 2201 2201 2201 2201 2201 2201 2201 2201 2201 2201 2201 2201 2201 2201 2201 2201 2201 2201 2201 2201 2201 2201 2201 2201 2201 2201 2201 2201 2201 2201 2201 2201 2201 2201 2201 2201 2201 2201 2201 2201 2201 2201 2201 2201 2201 2201 2201 2201 2201 2201 2201 2201 2201 2201 2201 2201 2201 2201 
4516 4516 4516 4516 4516 4516 4516 4516 4516 4516 4516 4516 4516 4516 4516 4516 4516 4516 4516 4516 4516 4516 4516 4516 4516 4516 4516 4516 4516 4516 4516 4516 4516 4516 4516 4516 4516 4516 4516 4516 4516 4516 4516 4516 4516 4516 4516 4516 4516 4516 4516 4516 4516 4516 4516 4516 4516 4516 4516 4516 4516 4516 4516 4516 4516 4516 4516 4516 4516 4516 4516 4516 4516 4516 4516 4516 4516 4516 4516 4516 
555 555 555 555 555 555 555 555 555 555 555 555 555 555 555 555 555 555 555 555 555 555 555 555 555 555 555 555 555 555 555 555 555 555 555 555 555 555 555 555 555 555 555 555 555 555 555 555 555 555 555 555 555 555 555 555 555 555 555 555 555 555 555 555 555 555 555 555 555 555 555 555 555 555 555 555 555 555 555 555 
5349 5349 5349 5349 5349 5349 5349 5349 5349 5349 5349 5349 5349 5349 5349 5349 5349 5349 5349 5349 5349 5349 5349 5349 5349 5349 5349 5349 5349 5349 5349 5349 5349 5349 5349 5349 5349 5349 5349 5349 5349 5349 5349 5349 5349 5349 5349 5349 5349 5349 5349 5349 5349 5349 5349 5349 5349 5349 5349 5349 5349 5349 5349 5349 5349 5349 5349 5349 5349 5349 5349 5349 5349 5349 5349 5349 5349 5349 5349 5349 
1969 1969 1969 1969 1969 1969 1969 1969 1969 1969 1969 1969 1969 1969 1969 1969 1969 1969 1969 1969 1969 1969 1969 1969 1969 1969 1969 1969 1969 1969 1969 1969 1969 1969 1969 1969 1969 1969 1969 1969 1969 1969 1969 1969 1969 1969 1969 1969 1969 1969 1969 1969 1969 1969 1969 1969 1969 1969 1969 1969 1969 1969 1969 1969 1969 1969 1969 1969 1969 1969 1969 1969 1969 1969 1969 1969 1969 1969 1969 1969 
4001 4001 4001 4001 4001 4001 4001 4001 4001 4001 4001 4001 4001 4001 4001 4001 4001 4001 4001 4001 4001 4001 4001 4001 4001 4001 4001 4001 4001 4001 4001 4001 4001 4001 4001 4001 4001 4001 4001 4001 4001 4001 4001 4001 4001 4001 4001 4001 4001 4001 4001 4001 4001 4001 4001 4001 4001 4001 4001 4001 4001 4001 4001 4001 4001 4001 4001 4001 4001 4001 4001 4001 4001 4001 4001 4001 4001 4001 4001 4001 
756 756 756 756 756 756 756 756 756 756 756 756 756 756 756 756 756 756 756 756 756 756 756 756 756 756 756 756 756 756 756 756 756 756 756 756 756 756 756 756 756 756 756 756 756 756 756 756 756 756 756 756 756 756 756 756 756 756 756 756 756 756 756 756 756 756 756 756 756 756 756 756 756 756 756 756 756 756 756 756 
3955 3955 3955 3955 3955 3955 3955 3955 3955 3955 3955 3955 3955 3955 3955 3955 3955 3955 3955 3955 3955 3955 3955 3955 3955 3955 3955 3955 3955 3955 3955 3955 3955 3955 3955 3955 3955 3955 3955 3955 3955 3955 3955 3955 3955 3955 3955 3955 3955 3955 3955 3955 3955 3955 3955 3955 3955 3955 3955 3955 3955 3955 3955 3955 3955 3955 3955 3955 3955 3955 3955 3955 3955 3955 3955 3955 3955 3955 3955 3955 
440 440 440 440 440 440 440 440 440 440 440 440 440 440 440 440 440 440 440 440 440 440 440 440 440 440 440 440 440 440 440 440 440 440 440 440 440 440 440 440 440 440 440 440 440 440 440 440 440 440 440 440 440 440 440 440 440 440 440 440 440 440 440 440 440 440 440 440 440 440 440 440 440 440 440 440 440 440 440 440 
432 432 432 432 432 432 432 432 432 432 432 432 432 432 432 432 432 432 432 432 432 432 432 432 432 432 432 432 432 432 432 432 432 432 432 432 432 432 432 432 432 432 432 432 432 432 432 432 432 432 432 432 432 432 432 432 432 432 432 432 432 432 432 432 432 432 432 432 432 432 432 432 432 432 432 432 432 432 432 432 
579 579 579 579 579 579 579 579 579 579 579 579 579 579 579 579 579 579 579 579 579 579 579 579 579 579 579 579 579 579 579 579 579 579 579 579 579 579 579 579 579 579 579 579 579 579 579 579 579 579 579 579 579 579 579 579 579 579 579 579 579 579 579 579 579 579 579 579 579 579 579 579 579 579 579 579 579 579 579 579 
54 54 54 54 54 54 54 54 54 54 54 54 54 54 54 54 54 54 54 54 54 54 54 54 54 54 54 54 54 54 54 54 54 54 54 54 54 54 54 54 54 54 54 54 54 54 54 54 54 54 54 54 54 54 54 54 54 54 54 54 54 54 54 54 54 54 54 54 54 54 54 54 54 54 54 54 54 54 54 54 
2928 2928 2928 2928 2928 2928 2928 2928 2928 2928 2928 2928 2928 2928 2928 2928 2928 2928 2928 2928 2928 2928 2928 2928 2928 2928 2928 2928 2928 2928 2928 2928 2928 2928 2928 2928 2928 2928 2928 2928 2928 2928 2928 2928 2928 2928 2928 2928 2928 2928 2928 2928 2928 2928 2928 2928 2928 2928 2928 2928 2928 2928 2928 2928 2928 2928 2928 2928 2928 2928 2928 2928 2928 2928 2928 2928 2928 2928 2928 2928 
1525 1525 1525 1525 1525 1525 1525 1525 1525 1525 1525 1525 1525 1525 1525 1525 1525 1525 1525 1525 1525 1525 1525 1525 1525 1525 1525 1525 1525 1525 1525 1525 1525 1525 1525 1525 1525 1525 1525 1525 1525 1525 1525 1525 1525 1525 1525 1525 1525 1525 1525 1525 1525 1525 1525 1525 1525 1525 1525 1525 1525 1525 1525 1525 1525 1525 1525 1525 1525 1525 1525 1525 1525 1525 1525 1525 1525 1525 1525 1525 
1309 1309 1309 1309 1309 1309 1309 1309 1309 1309 1309 1309 1309 1309 1309 1309 1309 1309 1309 1309 1309 1309 1309 1309 1309 1309 1309 1309 1309 1309 1309 1309 1309 1309 1309 1309 1309 1309 1309 1309 1309 1309 1309 1309 1309 1309 1309 1309 1309 1309 1309 1309 1309 1309 1309 1309 1309 1309 1309 1309 1309 1309 1309 1309 1309 1309 1309 1309 1309 1309 1309 1309 1309 1309 1309 1309 1309 1309 1309 1309 
675 675 675 675 675 675 675 675 675 675 675 675 675 675 675 675 675 675 675 675 675 675 675 675 675 675 675 675 675 675 675 675 675 675 675 675 675 675 675 675 675 675 675 675 675 675 675 675 675 675 675 675 675 675 675 675 675 675 675 675 675 675 675 675 675 675 675 675 675 675 675 675 675 675 675 675 675 675 675 675 
3083 3083 3083 3083 3083 3083 3083 3083 3083 3083 3083 3083 3083 3083 3083 3083 3083 3083 3083 3083 3083 3083 3083 3083 3083 3083 3083 3083 3083 3083 3083 3083 3083 3083 3083 3083 3083 3083 3083 3083 3083 3083 3083 3083 3083 3083 3083 3083 3083 3083 3083 3083 3083 3083 3083 3083 3083 3083 3083 3083 3083 3083 3083 3083 3083 3083 3083 3083 3083 3083 3083 3083 3083 3083 3083 3083 3083 3083 3083 3083 
2132 2132 2132 2132 2132 2132 2132 2132 2132 2132 2132 2132 2132 2132 2132 2132 2132 2132 2132 2132 2132 2132 2132 2132 2132 2132 2132 2132 2132 2132 2132 2132 2132 2132 2132 2132 2132 2132 2132 2132 2132 2132 2132 2132 2132 2132 2132 2132 2132 2132 2132 2132 2132 2132 2132 2132 2132 2132 2132 2132 2132 2132 2132 2132 2132 2132 2132 2132 2132 2132 2132 2132 2132 2132 2132 2132 2132 2132 2132 2132 
909 909 909 909 909 909 909 909 909 909 909 909 909 909 909 909 909 909 909 909 909 909 909 909 909 909 909 909 909 909 909 909 909 909 909 909 909 909 909 909 909 909 909 909 909 909 909 909 909 909 909 909 909 909 909 909 909 909 909 909 909 909 909 909 909 909 909 909 909 909 909 909 909 909 909 909 909 909 909 909 
1507 1507 1507 1507 1507 1507 1507 1507 1507 1507 1507 1507 1507 1507 1507 1507 1507 1507 1507 1507 1507 1507 1507 1507 1507 1507 1507 1507 1507 1507 1507 1507 1507 1507 1507 1507 1507 1507 1507 1507 1507 1507 1507 1507 1507 1507 1507 1507 1507 1507 1507 1507 1507 1507 1507 1507 1507 1507 1507 1507 1507 1507 1507 1507 1507 1507 1507 1507 1507 1507 1507 1507 1507 1507 1507 1507 1507 1507 1507 1507 
2419 2419 2419 2419 2419 2419 2419 2419 2419 2419 2419 2419 2419 2419 2419 2419 2419 2419 2419 2419 2419 2419 2419 2419 2419 2419 2419 2419 2419 2419 2419 2419 2419 2419 2419 2419 2419 2419 2419 2419 2419 2419 2419 2419 2419 2419 2419 2419 2419 2419 2419 2419 2419 2419 2419 2419 2419 2419 2419 2419 2419 2419 2419 2419 2419 2419 2419 2419 2419 2419 2419 2419 2419 2419 2419 2419 2419 2419 2419 2419 
1683 1683 1683 1683 1683 1683 1683 1683 1683 1683 1683 1683 1683 1683 1683 1683 1683 1683 1683 1683 1683 1683 1683 1683 1683 1683 1683 1683 1683 1683 1683 1683 1683 1683 1683 1683 1683 1683 1683 1683 1683 1683 1683 1683 1683 1683 1683 1683 1683 1683 1683 1683 1683 1683 1683 1683 1683 1683 1683 1683 1683 1683 1683 1683 1683 1683 1683 1683 1683 1683 1683 1683 1683 1683 1683 1683 1683 1683 1683 1683 
2862 2862 2862 2862 2862 2862 2862 2862 2862 2862 2862 2862 2862 2862 2862 2862 2862 2862 2862 2862 2862 2862 2862 2862 2862 2862 2862 2862 2862 2862 2862 2862 2862 2862 2862 2862 2862 2862 2862 2862 2862 2862 2862 2862 2862 2862 2862 2862 2862 2862 2862 2862 2862 2862 2862 2862 2862 2862 2862 2862 2862 2862 2862 2862 2862 2862 2862 2862 2862 2862 2862 2862 2862 2862 2862 2862 2862 2862 2862 2862 
1798 1798 1798 1798 1798 1798 1798 1798 1798 1798 1798 1798 1798 1798 1798 1798 1798 1798 1798 1798 1798 1798 1798 1798 1798 1798 1798 1798 1798 1798 1798 1798 1798 1798 1798 1798 1798 1798 1798 1798 1798 1798 1798 1798 1798 1798 1798 1798 1798 1798 1798 1798 1798 1798 1798 1798 1798 1798 1798 1798 1798 1798 1798 1798 1798 1798 1798 1798 1798 1798 1798 1798 1798 1798 1798 1798 1798 1798 1798 1798 
2282 2282 2282 2282 2282 2282 2282 2282 2282 2282 2282 2282 2282 2282 2282 2282 2282 2282 2282 2282 2282 2282 2282 2282 2282 2282 2282 2282 2282 2282 2282 2282 2282 2282 2282 2282 2282 2282 2282 2282 2282 2282 2282 2282 2282 2282 2282 2282 2282 2282 2282 2282 2282 2282 2282 2282 2282 2282 2282 2282 2282 2282 2282 2282 2282 2282 2282 2282 2282 2282 2282 2282 2282 2282 2282 2282 2282 2282 2282 2282 
791 791 791 791 791 791 791 791 791 791 791 791 791 791 791 791 791 791 791 791 791 791 791 791 791 791 791 791 791 791 791 791 791 791 791 791 791 791 791 791 791 791 791 791 791 791 791 791 791 791 791 791 791 791 791 791 791 791 791 791 791 791 791 791 791 791 791 791 791 791 791 791 791 791 791 791 791 791 791 791 
890 890 890 890 890 890 890 890 890 890 890 890 890 890 890 890 890 890 890 890 890 890 890 890 890 890 890 890 890 890 890 890 890 890 890 890 890 890 890 890 890 890 890 890 890 890 890 890 890 890 890 890 890 890 890 890 890 890 890 890 890 890 890 890 890 890 890 890 890 890 890 890 890 890 890 890 890 890 890 890 
1906 1906 1906 1906 1906 1906 1906 1906 1906 1906 1906 1906 1906 1906 1906 1906 1906 1906 1906 1906 1906 1906 1906 1906 1906 1906 1906 1906 1906 1906 1906 1906 1906 1906 1906 1906 1906 1906 1906 1906 1906 1906 1906 1906 1906 1906 1906 1906 1906 1906 1906 1906 1906 1906 1906 1906 1906 1906 1906 1906 1906 1906 1906 1906 1906 1906 1906 1906 1906 1906 1906 1906 1906 1906 1906 1906 1906 1906 1906 1906 
327 327 327 327 327 327 327 327 327 327 327 327 327 327 327 327 327 327 327 327 327 327 327 327 327 327 327 327 327 327 327 327 327 327 327 327 327 327 327 327 327 327 327 327 327 327 327 327 327 327 327 327 327 327 327 327 327 327 327 327 327 327 327 327 327 327 327 327 327 327 327 327 327 327 327 327 327 327 327 327 
1255 1255 1255 1255 1255 1255 1255 1255 1255 1255 1255 1255 1255 1255 1255 1255 1255 1255 1255 1255 1255 1255 1255 1255 1255 1255 1255 1255 1255 1255 1255 1255 1255 1255 1255 1255 1255 1255 1255 1255 1255 1255 1255 1255 1255 1255 1255 1255 1255 1255 1255 1255 1255 1255 1255 1255 1255 1255 1255 1255 1255 1255 1255 1255 1255 1255 1255 1255 1255 1255 1255 1255 1255 1255 1255 1255 1255 1255 1255 1255 
1083 1083 1083 1083 1083 1083 1083 1083 1083 1083 1083 1083 1083 1083 1083 1083 1083 1083 1083 1083 1083 1083 1083 1083 1083 1083 1083 1083 1083 1083 1083 1083 1083 1083 1083 1083 1083 1083 1083 1083 1083 1083 1083 1083 1083 1083 1083 1083 1083 1083 1083 1083 1083 1083 1083 1083 1083 1083 1083 1083 1083 1083 1083 1083 1083 1083 1083 1083 1083 1083 1083 1083 1083 1083 1083 1083 1083 1083 1083 1083 
1342 1342 1342 1342 1342 1342 1342 1342 1342 1342 1342 1342 1342 1342 1342 1342 1342 1342 1342 1342 1342 1342 1342 1342 1342 1342 1342 1342 1342 1342 1342 1342 1342 1342 1342 1342 1342 1342 1342 1342 1342 1342 1342 1342 1342 1342 1342 1342 1342 1342 1342 1342 1342 1342 1342 1342 1342 1342 1342 1342 1342 1342 1342 1342 1342 1342 1342 1342 1342 1342 1342 1342 1342 1342 1342 1342 1342 1342 1342 1342 
643 643 643 643 643 643 643 643 643 643 643 643 643 643 643 643 643 643 643 643 643 643 643 643 643 643 643 643 643 643 643 643 643 643 643 643 643 643 643 643 643 643 643 643 643 643 643 643 643 643 643 643 643 643 643 643 643 643 643 643 643 643 643 643 643 643 643 643 643 643 643 643 643 643 643 643 643 643 643 643 
119 119 119 119 119 119 119 119 119 119 119 119 119 119 119 119 119 119 119 119 119 119 119 119 119 119 119 119 119 119 119 119 119 119 119 119 119 119 119 119 119 119 119 119 119 119 119 119 119 119 119 119 119 119 119 119 119 119 119 119 119 119 119 119 119 119 119 119 119 119 119 119 119 119 119 119 119 119 119 119 
347 347 347 347 347 347 347 347 347 347 347 347 347 347 347 347 347 347 347 347 347 347 347 347 347 347 347 347 347 347 347 347 347 347 347 347 347 347 347 347 347 347 347 347 347 347 347 347 347 347 347 347 347 347 347 347 347 347 347 347 347 347 347 347 347 347 347 347 347 347 347 347 347 347 347 347 347 347 347 347 
433 433 433 433 433 433 433 433 433 433 433 433 433 433 433 433 433 433 433 433 433 433 433 433 433 433 433 433 433 433 433 433 433 433 433 433 433 433 433 433 433 433 433 433 433 433 433 433 433 433 433 433 433 433 433 433 433 433 433 433 433 433 433 433 433 433 433 433 433 433 433 433 433 433 433 433 433 433 433 433 
620 620 620 620 620 620 620 620 620 620 620 620 620 620 620 620 620 620 620 620 620 620 620 620 620 620 620 620 620 620 620 620 620 620 620 620 620 620 620 620 620 620 620 620 620 620 620 620 620 620 620 620 620 620 620 620 620 620 620 620 620 620 620 620 620 620 620 620 620 620 620 620 620 620 620 620 620 620 620 620 
90 90 90 90 90 90 90 90 90 90 90 90 90 90 90 90 90 90 90 90 90 90 90 90 90 90 90 90 90 90 90 90 90 90 90 90 90 90 90 90 90 90 90 90 90 90 90 90 90 90 90 90 90 90 90 90 90 90 90 90 90 90 90 90 90 90 90 90 90 90 90 90 90 90 90 90 90 90 90 90 
23 23 23 23 23 23 23 23 23 23 23 23 23 23 23 23 23 23 23 23 23 23 23 23 23 23 23 23 23 23 23 23 23 23 23 23 23 23 23 23 23 23 23 23 23 23 23 23 23 23 23 23 23 23 23 23 23 23 23 23 23 23 23 23 23 23 23 23 23 23 23 23 23 23 23 23 23 23 23 23 
58 58 58 58 58 58 58 58 58 58 58 58 58 58 58 58 58 58 58 58 58 58 58 58 58 58 58 58 58 58 58 58 58 58 58 58 58 58 58 58 58 58 58 58 58 58 58 58 58 58 58 58 58 58 58 58 58 58 58 58 58 58 58 58 58 58 58 58 58 58 58 58 58 58 58 58 58 58 58 58 
