4000
5983 5983 5983 5983 5983 5983 5983 5983 5983 5983 
1820 1820 1820 1820 1820 1820 1820 1820 1820 1820 
6151 6151 6151 6151 6151 6151 6151 6151 6151 6151 
2571 2571 2571 2571 2571 2571 2571 2571 2571 2571 
3458 3458 3458 3458 3458 3458 3458 3458 3458 3458 
1183 1183 1183 1183 1183 1183 1183 1183 1183 1183 
1080 1080 1080 1080 1080 1080 1080 1080 1080 1080 
1564 1564 1564 1564 1564 1564 1564 1564 1564 1564 
6865 6865 6865 6865 6865 6865 6865 6865 6865 6865 
2127 2127 2127 2127 2127 2127 2127 2127 2127 2127 
5671 5671 5671 5671 5671 5671 5671 5671 5671 5671 
5202 5202 5202 5202 5202 5202 5202 5202 5202 5202 
2859 2859 2859 2859 2859 2859 2859 2859 2859 2859 
2729 2729 2729 2729 2729 2729 2729 2729 2729 2729 
6712 6712 6712 6712 6712 6712 6712 6712 6712 6712 
1165 1165 1165 1165 1165 1165 1165 1165 1165 1165 
4823 4823 4823 4823 4823 4823 4823 4823 4823 4823 
3316 3316 3316 3316 3316 3316 3316 3316 3316 3316 
1938 1938 1938 1938 1938 1938 1938 1938 1938 1938 
3902 3902 3902 3902 3902 3902 3902 3902 3902 3902 
6469 6469 6469 6469 6469 6469 6469 6469 6469 6469 
1745 1745 1745 1745 1745 1745 1745 1745 1745 1745 
1368 1368 1368 1368 1368 1368 1368 1368 1368 1368 
4649 4649 4649 4649 4649 4649 4649 4649 4649 4649 
1144 1144 1144 1144 1144 1144 1144 1144 1144 1144 
2495 2495 2495 2495 2495 2495 2495 2495 2495 2495 
6066 6066 6066 6066 6066 6066 6066 6066 6066 6066 
908 908 908 908 908 908 908 908 908 908 
1156 1156 1156 1156 1156 1156 1156 1156 1156 1156 
760 760 760 760 760 760 760 760 760 760 
3736 3736 3736 3736 3736 3736 3736 3736 3736 3736 
4239 4239 4239 4239 4239 4239 4239 4239 4239 4239 
6363 6363 6363 6363 6363 6363 6363 6363 6363 6363 
2210 2210 2210 2210 2210 2210 2210 2210 2210 2210 
6986 6986 6986 6986 6986 6986 6986 6986 6986 6986 
4315 4315 4315 4315 4315 4315 4315 4315 4315 4315 
1205 1205 1205 1205 1205 1205 1205 1205 1205 1205 
4598 4598 4598 4598 4598 4598 4598 4598 4598 4598 
3706 3706 3706 3706 3706 3706 3706 3706 3706 3706 
1724 1724 1724 1724 1724 1724 1724 1724 1724 1724 
569 569 569 569 569 569 569 569 569 569 
6791 6791 6791 6791 6791 6791 6791 6791 6791 6791 
1590 1590 1590 1590 1590 1590 1590 1590 1590 1590 
1805 1805 1805 1805 1805 1805 1805 1805 1805 1805 
6179 6179 6179 6179 6179 6179 6179 6179 6179 6179 
5911 5911 5911 5911 5911 5911 5911 5911 5911 5911 
6217 6217 6217 6217 6217 6217 6217 6217 6217 6217 
1077 1077 1077 1077 1077 1077 1077 1077 1077 1077 
2550 2550 2550 2550 2550 2550 2550 2550 2550 2550 
2441 2441 2441 2441 2441 2441 2441 2441 2441 2441 
557 557 557 557 557 557 557 557 557 557 
3608 3608 3608 3608 3608 3608 3608 3608 3608 3608 
1380 1380 1380 1380 1380 1380 1380 1380 1380 1380 
6703 6703 6703 6703 6703 6703 6703 6703 6703 6703 
377 377 377 377 377 377 377 377 377 377 
1654 1654 1654 1654 1654 1654 1654 1654 1654 1654 
4155 4155 4155 4155 4155 4155 4155 4155 4155 4155 
4017 4017 4017 4017 4017 4017 4017 4017 4017 4017 
5757 5757 5757 5757 5757 5757 5757 5757 5757 5757 
6267 6267 6267 6267 6267 6267 6267 6267 6267 6267 
5381 5381 5381 5381 5381 5381 5381 5381 5381 5381 
1598 1598 1598 1598 1598 1598 1598 1598 1598 1598 
4858 4858 4858 4858 4858 4858 4858 4858 4858 4858 
3797 3797 3797 3797 3797 3797 3797 3797 3797 3797 
5009 5009 5009 5009 5009 5009 5009 5009 5009 5009 
262 262 262 262 262 262 262 262 262 262 
3880 3880 3880 3880 3880 3880 3880 3880 3880 3880 
5380 5380 5380 5380 5380 5380 5380 5380 5380 5380 
5267 5267 5267 5267 5267 5267 5267 5267 5267 5267 
0 0 0 0 0 0 0 0 0 0 
1962 1962 1962 1962 1962 1962 1962 1962 1962 1962 
5758 5758 5758 5758 5758 5758 5758 5758 5758 5758 
1689 1689 1689 1689 1689 1689 1689 1689 1689 1689 
5983 5983 5983 5983 5983 5983 5983 5983 5983 5983 
654 654 654 654 654 654 654 654 654 654 
5833 5833 5833 5833 5833 5833 5833 5833 5833 5833 
4714 4714 4714 4714 4714 4714 4714 4714 4714 4714 
4310 4310 4310 4310 4310 4310 4310 4310 4310 4310 
3086 3086 3086 3086 3086 3086 3086 3086 3086 3086 
1427 1427 1427 1427 1427 1427 1427 1427 1427 1427 
4017 4017 4017 4017 4017 4017 4017 4017 4017 4017 
6231 6231 6231 6231 6231 6231 6231 6231 6231 6231 
3997 3997 3997 3997 3997 3997 3997 3997 3997 3997 
4529 4529 4529 4529 4529 4529 4529 4529 4529 4529 
399 399 399 399 399 399 399 399 399 399 
5441 5441 5441 5441 5441 5441 5441 5441 5441 5441 
90 90 90 90 90 90 90 90 90 90 
1667 1667 1667 1667 1667 1667 1667 1667 1667 1667 
2383 2383 2383 2383 2383 2383 2383 2383 2383 2383 
3538 3538 3538 3538 3538 3538 3538 3538 3538 3538 
1744 1744 1744 1744 1744 1744 1744 1744 1744 1744 
4744 4744 4744 4744 4744 4744 4744 4744 4744 4744 
6102 6102 6102 6102 6102 6102 6102 6102 6102 6102 
5905 5905 5905 5905 5905 5905 5905 5905 5905 5905 
229 229 229 229 229 229 229 229 229 229 
4144 4144 4144 4144 4144 4144 4144 4144 4144 4144 
4125 4125 4125 4125 4125 4125 4125 4125 4125 4125 
630 630 630 630 630 630 630 630 630 630 
2120 2120 2120 2120 2120 2120 2120 2120 2120 2120 
3557 3557 3557 3557 3557 3557 3557 3557 3557 3557 
5587 5587 5587 5587 5587 5587 5587 5587 5587 5587 
4268 4268 4268 4268 4268 4268 4268 4268 4268 4268 
5222 5222 5222 5222 5222 5222 5222 5222 5222 5222 
828 828 828 828 828 828 828 828 828 828 
2527 2527 2527 2527 2527 2527 2527 2527 2527 2527 
4264 4264 4264 4264 4264 4264 4264 4264 4264 4264 
439 439 439 439 439 439 439 439 439 439 
3311 3311 3311 3311 3311 3311 3311 3311 3311 3311 
1454 1454 1454 1454 1454 1454 1454 1454 1454 1454 
2449 2449 2449 2449 2449 2449 2449 2449 2449 2449 
3905 3905 3905 3905 3905 3905 3905 3905 3905 3905 
5656 5656 5656 5656 5656 5656 5656 5656 5656 5656 
372 372 372 372 372 372 372 372 372 372 
1641 1641 1641 1641 1641 1641 1641 1641 1641 1641 
1077 1077 1077 1077 1077 1077 1077 1077 1077 1077 
905 905 905 905 905 905 905 905 905 905 
3642 3642 3642 3642 3642 3642 3642 3642 3642 3642 
3638 3638 3638 3638 3638 3638 3638 3638 3638 3638 
3246 3246 3246 3246 3246 3246 3246 3246 3246 3246 
3797 3797 3797 3797 3797 3797 3797 3797 3797 3797 
5378 5378 5378 5378 5378 5378 5378 5378 5378 5378 
4372 4372 4372 4372 4372 4372 4372 4372 4372 4372 
585 585 585 585 585 585 585 585 585 585 
4930 4930 4930 4930 4930 4930 4930 4930 4930 4930 
2965 2965 2965 2965 2965 2965 2965 2965 2965 2965 
4233 4233 4233 4233 4233 4233 4233 4233 4233 4233 
2007 2007 2007 2007 2007 2007 2007 2007 2007 2007 
679 679 679 679 679 679 679 679 679 679 
536 536 536 536 536 536 536 536 536 536 
364 364 364 364 364 364 364 364 364 364 
460 460 460 460 460 460 460 460 460 460 
454 454 454 454 454 454 454 454 454 454 
3686 3686 3686 3686 3686 3686 3686 3686 3686 3686 
4767 4767 4767 4767 4767 4767 4767 4767 4767 4767 
1997 1997 1997 1997 1997 1997 1997 1997 1997 1997 
4086 4086 4086 4086 4086 4086 4086 4086 4086 4086 
3935 3935 3935 3935 3935 3935 3935 3935 3935 3935 
4400 4400 4400 4400 4400 4400 4400 4400 4400 4400 
4709 4709 4709 4709 4709 4709 4709 4709 4709 4709 
123 123 123 123 123 123 123 123 123 123 
1664 1664 1664 1664 1664 1664 1664 1664 1664 1664 
2990 2990 2990 2990 2990 2990 2990 2990 2990 2990 
3327 3327 3327 3327 3327 3327 3327 3327 3327 3327 
3278 3278 3278 3278 3278 3278 3278 3278 3278 3278 
2261 2261 2261 2261 2261 2261 2261 2261 2261 2261 
2209 2209 2209 2209 2209 2209 2209 2209 2209 2209 
4534 4534 4534 4534 4534 4534 4534 4534 4534 4534 
481 481 481 481 481 481 481 481 481 481 
19 19 19 19 19 19 19 19 19 19 
1065 1065 1065 1065 1065 1065 1065 1065 1065 1065 
2200 2200 2200 2200 2200 2200 2200 2200 2200 2200 
1427 1427 1427 1427 1427 1427 1427 1427 1427 1427 
4806 4806 4806 4806 4806 4806 4806 4806 4806 4806 
4385 4385 4385 4385 4385 4385 4385 4385 4385 4385 
1661 1661 1661 1661 1661 1661 1661 1661 1661 1661 
74 74 74 74 74 74 74 74 74 74 
4353 4353 4353 4353 4353 4353 4353 4353 4353 4353 
714 714 714 714 714 714 714 714 714 714 
3441 3441 3441 3441 3441 3441 3441 3441 3441 3441 
261 261 261 261 261 261 261 261 261 261 
158 158 158 158 158 158 158 158 158 158 
2547 2547 2547 2547 2547 2547 2547 2547 2547 2547 
1729 1729 1729 1729 1729 1729 1729 1729 1729 1729 
4102 4102 4102 4102 4102 4102 4102 4102 4102 4102 
998 998 998 998 998 998 998 998 998 998 
576 576 576 576 576 576 576 576 576 576 
1440 1440 1440 1440 1440 1440 1440 1440 1440 1440 
1625 1625 1625 1625 1625 1625 1625 1625 1625 1625 
3784 3784 3784 3784 3784 3784 3784 3784 3784 3784 
3657 3657 3657 3657 3657 3657 3657 3657 3657 3657 
245 245 245 245 245 245 245 245 245 245 
3345 3345 3345 3345 3345 3345 3345 3345 3345 3345 
998 998 998 998 998 998 998 998 998 998 
3081 3081 3081 3081 3081 3081 3081 3081 3081 3081 
2976 2976 2976 2976 2976 2976 2976 2976 2976 2976 
3085 3085 3085 3085 3085 3085 3085 3085 3085 3085 
276 276 276 276 276 276 276 276 276 276 
2844 2844 2844 2844 2844 2844 2844 2844 2844 2844 
2059 2059 2059 2059 2059 2059 2059 2059 2059 2059 
1728 1728 1728 1728 1728 1728 1728 1728 1728 1728 
826 826 826 826 826 826 826 826 826 826 
2693 2693 2693 2693 2693 2693 2693 2693 2693 2693 
2179 2179 2179 2179 2179 2179 2179 2179 2179 2179 
1165 1165 1165 1165 1165 1165 1165 1165 1165 1165 
3770 3770 3770 3770 3770 3770 3770 3770 3770 3770 
1598 1598 1598 1598 1598 1598 1598 1598 1598 1598 
2576 2576 2576 2576 2576 2576 2576 2576 2576 2576 
2175 2175 2175 2175 2175 2175 2175 2175 2175 2175 
3087 3087 3087 3087 3087 3087 3087 3087 3087 3087 
758 758 758 758 758 758 758 758 758 758 
1865 1865 1865 1865 1865 1865 1865 1865 1865 1865 
552 552 552 552 552 552 552 552 552 552 
3703 3703 3703 3703 3703 3703 3703 3703 3703 3703 
884 884 884 884 884 884 884 884 884 884 
3808 3808 3808 3808 3808 3808 3808 3808 3808 3808 
2746 2746 2746 2746 2746 2746 2746 2746 2746 2746 
3051 3051 3051 3051 3051 3051 3051 3051 3051 3051 
187 187 187 187 187 187 187 187 187 187 
2171 2171 2171 2171 2171 2171 2171 2171 2171 2171 
3752 3752 3752 3752 3752 3752 3752 3752 3752 3752 
954 954 954 954 954 954 954 954 954 954 
1030 1030 1030 1030 1030 1030 1030 1030 1030 1030 
3275 3275 3275 3275 3275 3275 3275 3275 3275 3275 
260 260 260 260 260 260 260 260 260 260 
1446 1446 1446 1446 1446 1446 1446 1446 1446 1446 
1091 1091 1091 1091 1091 1091 1091 1091 1091 1091 
711 711 711 711 711 711 711 711 711 711 
2848 2848 2848 2848 2848 2848 2848 2848 2848 2848 
3320 3320 3320 3320 3320 3320 3320 3320 3320 3320 
1782 1782 1782 1782 1782 1782 1782 1782 1782 1782 
869 869 869 869 869 869 869 869 869 869 
2729 2729 2729 2729 2729 2729 2729 2729 2729 2729 
121 121 121 121 121 121 121 121 121 121 
763 763 763 763 763 763 763 763 763 763 
1217 1217 1217 1217 1217 1217 1217 1217 1217 1217 
1592 1592 1592 1592 1592 1592 1592 1592 1592 1592 
1920 1920 1920 1920 1920 1920 1920 1920 1920 1920 
2531 2531 2531 2531 2531 2531 2531 2531 2531 2531 
1843 1843 1843 1843 1843 1843 1843 1843 1843 1843 
2935 2935 2935 2935 2935 2935 2935 2935 2935 2935 
3065 3065 3065 3065 3065 3065 3065 3065 3065 3065 
1706 1706 1706 1706 1706 1706 1706 1706 1706 1706 
562 562 562 562 562 562 562 562 562 562 
3056 3056 3056 3056 3056 3056 3056 3056 3056 3056 
3424 3424 3424 3424 3424 3424 3424 3424 3424 3424 
1911 1911 1911 1911 1911 1911 1911 1911 1911 1911 
518 518 518 518 518 518 518 518 518 518 
55 55 55 55 55 55 55 55 55 55 
2500 2500 2500 2500 2500 2500 2500 2500 2500 2500 
3098 3098 3098 3098 3098 3098 3098 3098 3098 3098 
1886 1886 1886 1886 1886 1886 1886 1886 1886 1886 
1398 1398 1398 1398 1398 1398 1398 1398 1398 1398 
677 677 677 677 677 677 677 677 677 677 
2572 2572 2572 2572 2572 2572 2572 2572 2572 2572 
2041 2041 2041 2041 2041 2041 2041 2041 2041 2041 
2453 2453 2453 2453 2453 2453 2453 2453 2453 2453 
1591 1591 1591 1591 1591 1591 1591 1591 1591 1591 
647 647 647 647 647 647 647 647 647 647 
1932 1932 1932 1932 1932 1932 1932 1932 1932 1932 
1412 1412 1412 1412 1412 1412 1412 1412 1412 1412 
605 605 605 605 605 605 605 605 605 605 
1404 1404 1404 1404 1404 1404 1404 1404 1404 1404 
814 814 814 814 814 814 814 814 814 814 
2451 2451 2451 2451 2451 2451 2451 2451 2451 2451 
624 624 624 624 624 624 624 624 624 624 
1603 1603 1603 1603 1603 1603 1603 1603 1603 1603 
994 994 994 994 994 994 994 994 994 994 
2250 2250 2250 2250 2250 2250 2250 2250 2250 2250 
104 104 104 104 104 104 104 104 104 104 
1346 1346 1346 1346 1346 1346 1346 1346 1346 1346 
1686 1686 1686 1686 1686 1686 1686 1686 1686 1686 
628 628 628 628 628 628 628 628 628 628 
540 540 540 540 540 540 540 540 540 540 
104 104 104 104 104 104 104 104 104 104 
2859 2859 2859 2859 2859 2859 2859 2859 2859 2859 
2662 2662 2662 2662 2662 2662 2662 2662 2662 2662 
2015 2015 2015 2015 2015 2015 2015 2015 2015 2015 
2778 2778 2778 2778 2778 2778 2778 2778 2778 2778 
2081 2081 2081 2081 2081 2081 2081 2081 2081 2081 
789 789 789 789 789 789 789 789 789 789 
2438 2438 2438 2438 2438 2438 2438 2438 2438 2438 
412 412 412 412 412 412 412 412 412 412 
227 227 227 227 227 227 227 227 227 227 
2485 2485 2485 2485 2485 2485 2485 2485 2485 2485 
163 163 163 163 163 163 163 163 163 163 
37 37 37 37 37 37 37 37 37 37 
400 400 400 400 400 400 400 400 400 400 
2268 2268 2268 2268 2268 2268 2268 2268 2268 2268 
2091 2091 2091 2091 2091 2091 2091 2091 2091 2091 
436 436 436 436 436 436 436 436 436 436 
1850 1850 1850 1850 1850 1850 1850 1850 1850 1850 
781 781 781 781 781 781 781 781 781 781 
133 133 133 133 133 133 133 133 133 133 
343 343 343 343 343 343 343 343 343 343 
2011 2011 2011 2011 2011 2011 2011 2011 2011 2011 
2076 2076 2076 2076 2076 2076 2076 2076 2076 2076 
2222 2222 2222 2222 2222 2222 2222 2222 2222 2222 
1517 1517 1517 1517 1517 1517 1517 1517 1517 1517 
1298 1298 1298 1298 1298 1298 1298 1298 1298 1298 
966 966 966 966 966 966 966 966 966 966 
1365 1365 1365 1365 1365 1365 1365 1365 1365 1365 
1977 1977 1977 1977 1977 1977 1977 1977 1977 1977 
1496 1496 1496 1496 1496 1496 1496 1496 1496 1496 
113 113 113 113 113 113 113 113 113 113 
1476 1476 1476 1476 1476 1476 1476 1476 1476 1476 
1126 1126 1126 1126 1126 1126 1126 1126 1126 1126 
2063 2063 2063 2063 2063 2063 2063 2063 2063 2063 
1422 1422 1422 1422 1422 1422 1422 1422 1422 1422 
1262 1262 1262 1262 1262 1262 1262 1262 1262 1262 
932 932 932 932 932 932 932 932 932 932 
1626 1626 1626 1626 1626 1626 1626 1626 1626 1626 
1836 1836 1836 1836 1836 1836 1836 1836 1836 1836 
301 301 301 301 301 301 301 301 301 301 
2125 2125 2125 2125 2125 2125 2125 2125 2125 2125 
711 711 711 711 711 711 711 711 711 711 
1397 1397 1397 1397 1397 1397 1397 1397 1397 1397 
504 504 504 504 504 504 504 504 504 504 
1832 1832 1832 1832 1832 1832 1832 1832 1832 1832 
1478 1478 1478 1478 1478 1478 1478 1478 1478 1478 
788 788 788 788 788 788 788 788 788 788 
1629 1629 1629 1629 1629 1629 1629 1629 1629 1629 
1167 1167 1167 1167 1167 1167 1167 1167 1167 1167 
16 16 16 16 16 16 16 16 16 16 
139 139 139 139 139 139 139 139 139 139 
834 834 834 834 834 834 834 834 834 834 
602 602 602 602 602 602 602 602 602 602 
476 476 476 476 476 476 476 476 476 476 
1189 1189 1189 1189 1189 1189 1189 1189 1189 1189 
801 801 801 801 801 801 801 801 801 801 
295 295 295 295 295 295 295 295 295 295 
492 492 492 492 492 492 492 492 492 492 
611 611 611 611 611 611 611 611 611 611 
1097 1097 1097 1097 1097 1097 1097 1097 1097 1097 
1221 1221 1221 1221 1221 1221 1221 1221 1221 1221 
1682 1682 1682 1682 1682 1682 1682 1682 1682 1682 
1567 1567 1567 1567 1567 1567 1567 1567 1567 1567 
1420 1420 1420 1420 1420 1420 1420 1420 1420 1420 
715 715 715 715 715 715 715 715 715 715 
1410 1410 1410 1410 1410 1410 1410 1410 1410 1410 
1411 1411 1411 1411 1411 1411 1411 1411 1411 1411 
997 997 997 997 997 997 997 997 997 997 
948 948 948 948 948 948 948 948 948 948 
434 434 434 434 434 434 434 434 434 434 
235 235 235 235 235 235 235 235 235 235 
661 661 661 661 661 661 661 661 661 661 
354 354 354 354 354 354 354 354 354 354 
1224 1224 1224 1224 1224 1224 1224 1224 1224 1224 
872 872 872 872 872 872 872 872 872 872 
68 68 68 68 68 68 68 68 68 68 
35 35 35 35 35 35 35 35 35 35 
357 357 357 357 357 357 357 357 357 357 
688 688 688 688 688 688 688 688 688 688 
532 532 532 532 532 532 532 532 532 532 
192 192 192 192 192 192 192 192 192 192 
393 393 393 393 393 393 393 393 393 393 
62 62 62 62 62 62 62 62 62 62 
695 695 695 695 695 695 695 695 695 695 
484 484 484 484 484 484 484 484 484 484 
250 250 250 250 250 250 250 250 250 250 
318 318 318 318 318 318 318 318 318 318 
234 234 234 234 234 234 234 234 234 234 
37 37 37 37 37 37 37 37 37 37 
1116 1116 1116 1116 1116 1116 1116 1116 1116 1116 
1071 1071 1071 1071 1071 1071 1071 1071 1071 1071 
552 552 552 552 552 552 552 552 552 552 
1012 1012 1012 1012 1012 1012 1012 1012 1012 1012 
999 999 999 999 999 999 999 999 999 999 
336 336 336 336 336 336 336 336 336 336 
452 452 452 452 452 452 452 452 452 452 
1010 1010 1010 1010 1010 1010 1010 1010 1010 1010 
728 728 728 728 728 728 728 728 728 728 
405 405 405 405 405 405 405 405 405 405 
126 126 126 126 126 126 126 126 126 126 
619 619 619 619 619 619 619 619 619 619 
101 101 101 101 101 101 101 101 101 101 
616 616 616 616 616 616 616 616 616 616 
251 251 251 251 251 251 251 251 251 251 
279 279 279 279 279 279 279 279 279 279 
573 573 573 573 573 573 573 573 573 573 
395 395 395 395 395 395 395 395 395 395 
199 199 199 199 199 199 199 199 199 199 
463 463 463 463 463 463 463 463 463 463 
320 320 320 320 320 320 320 320 320 320 
284 284 284 284 284 284 284 284 284 284 
18 18 18 18 18 18 18 18 18 18 
525 525 525 525 525 525 525 525 525 525 
53 53 53 53 53 53 53 53 53 53 
427 427 427 427 427 427 427 427 427 427 
354 354 354 354 354 354 354 354 354 354 
508 508 508 508 508 508 508 508 508 508 
417 417 417 417 417 417 417 417 417 417 
335 335 335 335 335 335 335 335 335 335 
84 84 84 84 84 84 84 84 84 84 
228 228 228 228 228 228 228 228 228 228 
326 326 326 326 326 326 326 326 326 326 
426 426 426 426 426 426 426 426 426 426 
404 404 404 404 404 404 404 404 404 404 
222 222 222 222 222 222 222 222 222 222 
356 356 356 356 356 356 356 356 356 356 
201 201 201 201 201 201 201 201 201 201 
360 360 360 360 360 360 360 360 360 360 
6 6 6 6 6 6 6 6 6 6 
304 304 304 304 304 304 304 304 304 304 
56 56 56 56 56 56 56 56 56 56 
252 252 252 252 252 252 252 252 252 252 
171 171 171 171 171 171 171 171 171 171 
279 279 279 279 279 279 279 279 279 279 
191 191 191 191 191 191 191 191 191 191 
53 53 53 53 53 53 53 53 53 53 
118 118 118 118 118 118 118 118 118 118 
56 56 56 56 56 56 56 56 56 56 
105 105 105 105 105 105 105 105 105 105 
12 12 12 12 12 12 12 12 12 12 
137 137 137 137 137 137 137 137 137 137 
1 1 1 1 1 1 1 1 1 1 
60 60 60 60 60 60 60 60 60 60 
25 25 25 25 25 25 25 25 25 25 
47 47 47 47 47 47 47 47 47 47 
13 13 13 13 13 13 13 13 13 13 
9 9 9 9 9 9 9 9 9 9 
