100
9548 1 1 1
17059 1 1 1
69551 1 1 1
30268 1 1 1
31917 1 1 1
46158 1 1 1
53068 1 1 1
33961 1 1 1
95159 1 1 1
41540 1 1 1
1088 1 1 1
41965 1 1 1
22824 1 1 1
96785 1 1 1
53471 1 1 1
77019 1 1 1
80393 1 1 1
83798 1 1 1
78080 1 1 1
53200 1 1 1
71164 1 1 1
28195 1 1 1
16440 1 1 1
77650 1 1 1
52174 1 1 1
31558 1 1 1
39051 1 1 1
23080 1 1 1
56561 1 1 1
21264 1 1 1
88222 1 1 1
10731 1 1 1
45410 1 1 1
43290 1 1 1
23591 1 1 1
91672 1 1 1
37503 1 1 1
58408 1 1 1
25166 1 1 1
42572 1 1 1
72231 1 1 1
62688 1 1 1
73404 1 1 1
72223 1 1 1
54196 1 1 1
22872 1 1 1
38682 1 1 1
55606 1 1 1
18099 1 1 1
56436 1 1 1
66116 1 1 1
49030 1 1 1
70608 1 1 1
86974 1 1 1
80475 1 1 1
5214 1 1 1
44766 1 1 1
35101 1 1 1
6595 1 1 1
8130 1 1 1
76722 1 1 1
83183 1 1 1
50491 1 1 1
48301 1 1 1
48182 1 1 1
81887 1 1 1
69791 1 1 1
87562 1 1 1
56795 1 1 1
56975 1 1 1
33703 1 1 1
52658 1 1 1
66117 1 1 1
37955 1 1 1
76142 1 1 1
2335 1 1 1
30944 1 1 1
46626 1 1 1
80119 1 1 1
70116 1 1 1
17486 1 1 1
57548 1 1 1
3587 1 1 1
35904 1 1 1
13516 1 1 1
49984 1 1 1
16107 1 1 1
84120 1 1 1
17516 1 1 1
23267 1 1 1
92324 1 1 1
94348 1 1 1
88647 1 1 1
13471 1 1 1
42007 1 1 1
8482 1 1 1
62523 1 1 1
42056 1 1 1
233 1 1 1
35354 1 1 1
