100
79398 81 36 8
78751 24 96 46
78506 77 66 41
87397 32 14 60
9169 8 57 99
54071 91 97 32
22146 43 18 99
19711 31 89 33
59524 67 45 97
17897 40 59 49
54283 67 83 57
21204 89 54 47
11881 27 75 93
14948 79 87 44
55175 80 72 38
39643 74 12 92
28373 83 41 74
24312 54 71 7
15711 65 64 18
99647 23 1 1
30474 14 44 48
42822 92 93 91
94505 46 67 23
61774 83 31 81
65712 68 62 24
52346 86 76 31
51984 27 3 18
19207 17 12 13
51820 18 56 1
60444 22 87 58
18685 23 83 38
3427 15 66 87
8171 71 87 97
85105 64 25 7
19642 55 42 82
57348 29 79 15
71683 15 63 96
96251 7 1 100
21164 68 16 76
87218 11 73 29
6973 75 90 64
50045 24 99 27
17223 11 56 58
86974 7 85 9
63370 88 79 20
80931 46 2 10
37348 55 94 33
62249 11 20 96
52449 1 57 82
48287 41 48 22
57847 99 66 85
55391 71 47 51
37238 10 13 11
49654 54 83 51
29388 73 45 5
81980 81 15 2
66429 23 56 74
78104 88 23 67
20430 1 56 23
10644 4 43 4
77638 29 95 98
70076 43 57 60
88387 28 50 90
66689 17 78 89
30380 11 32 24
62499 95 97 10
16143 24 13 66
1729 75 75 75
5336 62 17 97
71515 45 4 23
39862 8 31 94
17559 25 40 97
77128 74 93 48
96422 35 39 91
8016 55 43 62
512 82 21 26
98582 17 95 76
47983 46 5 66
40477 17 71 77
82105 27 17 99
12579 88 99 42
36197 5 52 84
97569 87 90 68
12077 6 7 29
64313 11 76 71
36254 70 81 40
66911 68 92 36
6068 97 30 83
32067 14 77 83
74486 69 58 71
56466 61 31 69
93946 84 13 43
73164 17 62 1
31049 32 60 78
37830 59 60 8
50992 65 89 51
36273 41 50 85
96527 11 80 88
30721 46 8 27
91828 83 67 31
