100
100000 168 65 744
100000 490 278 811
100000 542 54 786
100000 856 613 668
100000 309 234 239
100000 232 444 561
100000 285 508 656
100000 875 58 870
100000 974 239 894
100000 866 935 135
100000 875 423 723
100000 923 525 960
100000 691 636 396
100000 450 293 389
100000 517 396 484
100000 168 140 300
100000 577 94 848
100000 792 995 116
100000 647 466 443
100000 55 555 442
100000 843 431 524
100000 679 395 905
100000 998 348 77
100000 206 209 286
100000 970 988 840
100000 748 233 688
100000 936 133 362
100000 785 64 401
100000 323 636 460
100000 106 394 612
100000 195 383 107
100000 369 862 295
100000 556 528 947
100000 954 278 517
100000 566 142 931
100000 433 635 51
100000 1000 703 699
100000 938 999 326
100000 460 543 753
100000 719 267 713
100000 678 117 621
100000 75 500 773
100000 585 255 808
100000 486 254 890
100000 831 664 488
100000 753 118 461
100000 201 602 501
100000 87 702 143
100000 230 772 121
100000 797 849 242
100000 670 623 875
100000 922 167 548
100000 183 642 228
100000 541 820 609
100000 299 708 169
100000 106 761 814
100000 447 220 963
100000 680 612 767
100000 23 24 604
100000 271 626 184
100000 413 404 241
100000 392 297 697
100000 641 648 644
100000 140 190 698
100000 535 444 490
100000 914 491 554
100000 933 708 148
100000 369 343 284
100000 892 232 557
100000 435 347 761
100000 618 499 732
100000 748 43 606
100000 297 41 66
100000 526 442 663
100000 902 414 844
100000 917 325 555
100000 516 337 234
100000 939 855 575
100000 397 485 239
100000 490 140 279
100000 303 885 989
100000 137 858 983
100000 472 888 679
100000 44 219 889
100000 408 416 930
100000 62 976 663
100000 251 361 272
100000 272 689 903
100000 755 331 171
100000 592 204 198
100000 657 483 531
100000 958 254 164
100000 747 593 789
100000 437 488 239
100000 881 830 369
100000 75 619 196
100000 493 441 825
100000 903 636 617
100000 380 201 137
100000 924 952 59
