100
67525 61 224 197
33958 72 269 985
57606 174 599 120
57703 74 711 307
81277 668 297 831
76343 661 543 150
66981 668 644 450
20485 144 532 197
93930 900 635 557
28901 745 138 440
87136 789 686 693
68843 597 368 883
64959 804 617 845
11524 297 700 582
40836 288 472 777
44104 245 268 910
5739 373 658 118
96045 58 336 464
29696 65 503 464
75243 430 517 980
15889 305 900 433
22331 508 559 793
46921 586 114 479
17978 833 720 683
19559 349 266 282
17822 213 262 325
41980 92 113 939
93519 512 916 386
35111 922 405 215
36636 424 409 990
18892 465 621 555
41225 679 907 339
33649 781 94 665
92779 557 951 827
10998 369 440 108
71330 922 766 519
22596 550 305 232
93051 167 387 853
11187 421 243 545
62685 91 83 552
74579 784 628 223
17612 862 512 334
3720 480 822 548
54913 726 470 333
99682 628 4 756
77888 592 288 822
8819 7 631 369
28755 666 545 742
88098 530 122 824
58382 283 37 26
30279 654 822 344
8442 38 156 276
99044 664 804 922
11135 7 271 38
48842 735 912 35
63764 788 16 869
48216 531 210 152
38627 487 327 743
25059 912 94 390
63617 633 76 487
77933 560 243 404
44151 35 336 377
2109 251 430 401
72574 385 971 278
25474 751 544 728
91140 354 303 115
92668 335 492 595
26506 905 256 716
50496 668 757 716
92395 613 540 81
83838 555 530 421
76960 517 810 571
5540 403 592 43
35317 71 822 906
19983 185 814 912
89418 97 208 424
71030 94 62 314
87842 249 637 695
49784 402 294 537
23913 610 659 506
78403 42 459 943
592 963 397 634
26395 49 287 2
30323 664 693 861
65578 136 726 551
41467 771 314 243
42574 437 662 4
88407 997 568 844
48244 434 211 924
56624 726 644 898
2391 779 256 800
74586 808 396 607
14866 899 644 528
54627 933 382 707
94586 23 599 935
8800 806 802 197
15094 511 317 9
43048 868 332 997
89533 312 203 592
97698 728 496 27
