1000 1000
145 797
481 852
818 164
403 875
947 839
334 236
412 845
984 270
183 377
109 733
712 80
820 524
945 864
466 457
820 310
444 770
700 948
84 569
916 14
615 650
91 982
347 692
24 929
51 830
247 416
685 592
871 557
468 257
281 547
163 950
185 518
59 74
622 132
71 920
98 502
299 881
963 711
761 513
257 162
819 730
353 996
238 262
129 287
242 477
65 798
625 715
438 325
988 11
92 16
887 928
59 914
609 384
535 127
742 463
342 490
993 286
565 744
465 811
783 601
342 770
791 968
471 156
227 466
729 597
513 256
708 151
808 502
568 101
322 757
653 169
379 368
777 457
963 399
515 398
77 525
413 879
200 632
31 263
575 114
170 522
635 929
604 312
142 17
639 786
211 604
938 973
827 164
561 25
787 114
379 625
137 340
145 602
786 903
9 401
490 236
476 96
528 854
836 689
74 701
418 315
161 467
541 444
249 912
307 587
353 903
956 71
548 968
651 674
824 278
723 781
527 432
174 621
740 199
982 425
420 131
206 496
856 730
162 913
277 784
598 9
898 881
18 238
50 820
261 409
61 883
965 843
614 99
332 913
729 199
248 266
796 284
333 930
988 75
535 525
184 856
526 616
111 820
904 612
840 118
928 876
61 865
269 790
544 53
150 738
865 476
877 84
44 102
44 658
729 576
753 658
547 786
730 835
274 613
666 543
887 86
762 409
368 474
235 646
75 669
885 456
401 658
913 212
26 180
747 90
434 491
173 439
721 38
620 632
36 353
112 187
66 163
2 379
821 812
693 781
211 741
548 182
720 737
42 117
356 72
289 848
728 742
190 899
981 323
520 109
31 389
425 630
214 551
182 499
18 393
743 997
509 741
256 860
827 331
514 424
901 992
303 410
283 243
356 838
752 519
294 901
945 126
374 88
964 821
118 487
48 127
600 643
429 124
406 458
339 113
568 903
377 181
820 919
181 703
511 832
107 868
871 992
321 106
715 598
204 195
925 981
121 350
487 215
442 848
143 943
837 344
941 806
827 729
643 318
670 731
336 174
790 360
649 139
244 641
81 384
163 59
991 74
644 235
212 697
903 173
449 587
848 742
869 180
969 70
985 596
876 735
870 283
560 112
510 191
102 225
118 819
564 446
21 723
750 587
49 813
140 7
752 314
86 432
995 207
832 964
488 248
929 778
690 401
887 71
181 315
843 436
160 125
373 518
778 599
333 702
886 108
655 531
938 827
402 681
487 327
813 748
514 473
290 539
663 809
965 46
410 191
741 342
278 656
157 816
627 951
545 619
491 78
496 401
693 986
984 268
530 801
553 682
103 20
427 667
725 839
766 434
142 44
369 935
927 407
24 480
603 583
333 782
889 540
751 891
928 601
896 691
832 834
206 811
842 324
74 889
875 810
245 610
328 237
60 14
762 6
46 340
239 934
633 555
451 206
44 415
635 507
826 398
748 812
267 474
560 368
658 284
94 51
110 792
55 813
794 422
329 857
168 959
365 244
638 588
350 817
32 956
629 34
188 242
84 829
908 965
147 992
305 198
581 362
236 23
135 329
684 944
985 387
878 85
398 677
286 343
414 518
107 919
188 522
307 463
411 3
651 423
824 23
393 944
150 671
77 440
456 925
511 609
463 97
551 702
39 759
763 908
954 221
646 717
34 734
110 901
859 417
392 90
166 991
95 595
845 790
234 231
290 866
395 371
746 498
355 91
388 483
41 33
201 542
752 128
212 117
364 488
23 831
667 311
539 280
91 903
491 112
467 884
988 4
254 921
233 529
563 212
418 496
522 79
563 749
865 725
202 671
84 211
694 152
800 899
546 790
565 996
977 799
574 18
54 683
859 802
591 911
141 372
539 443
401 582
543 275
73 992
239 500
613 655
623 828
308 532
648 805
928 654
79 704
472 456
571 946
537 803
773 778
85 728
558 287
750 329
22 919
18 688
418 829
160 944
533 724
878 99
309 746
248 149
841 253
658 133
868 133
156 68
507 388
406 842
817 475
492 335
749 927
704 740
165 405
604 198
879 417
741 391
318 108
363 958
679 188
990 865
463 588
998 998
188 40
45 89
418 674
683 315
741 322
861 527
661 699
324 131
99 486
98 789
508 850
525 446
203 382
867 943
692 911
816 20
182 651
394 147
924 949
547 260
606 532
690 304
799 452
995 270
113 541
975 160
407 562
607 52
171 776
130 804
398 663
187 613
572 123
197 812
16 933
135 193
443 762
667 716
23 269
190 381
513 652
500 654
674 760
4 80
395 664
877 313
526 343
202 621
973 326
196 992
464 56
99 296
55 305
670 67
108 512
990 5
970 349
434 656
718 625
912 814
519 861
179 421
116 486
965 276
729 923
236 507
929 335
176 310
315 695
74 991
205 414
239 714
366 435
729 942
670 943
484 637
430 488
40 382
226 767
985 938
972 59
770 245
155 260
531 555
16 595
93 19
653 89
416 865
678 634
825 393
291 388
764 297
494 643
934 280
579 2
927 702
136 677
564 614
462 547
361 71
48 97
431 953
768 630
205 983
11 926
442 437
506 135
826 995
273 974
638 632
618 655
752 42
975 353
792 243
445 496
727 756
775 254
961 164
845 647
190 357
180 463
106 153
306 838
220 198
871 191
172 81
755 160
378 17
987 194
601 648
337 308
704 797
372 854
211 502
26 42
262 793
481 849
472 517
677 669
655 947
8 881
843 341
916 758
832 735
300 109
271 668
314 389
815 496
159 634
899 407
289 451
249 249
490 309
500 708
338 513
648 188
590 4
23 924
674 34
624 930
459 953
412 298
211 743
743 106
876 527
633 155
818 140
381 209
341 995
919 291
1 963
107 866
75 794
699 721
728 148
1000 642
807 272
941 831
752 456
576 802
587 159
233 672
749 810
82 686
370 890
473 327
549 884
30 679
47 591
365 220
942 80
296 168
649 603
486 572
109 780
543 829
966 949
160 679
951 331
445 415
96 784
534 426
963 913
740 815
321 98
614 869
356 113
866 380
200 27
764 347
915 531
210 139
48 9
264 202
147 138
6 882
522 240
975 133
749 837
909 687
867 496
468 782
127 956
183 199
374 836
475 898
797 389
226 945
146 130
817 77
434 902
354 8
269 951
125 762
54 974
722 254
515 933
97 948
746 350
539 378
43 776
807 586
707 219
614 831
100 244
198 887
43 769
94 529
595 326
68 891
23 30
38 179
344 476
730 66
266 578
132 662
509 868
156 228
186 880
74 127
192 690
656 369
260 820
888 114
421 815
63 807
647 412
361 574
529 474
645 284
731 561
995 813
76 182
440 108
546 776
539 121
761 264
69 931
693 843
339 994
25 110
848 713
418 929
845 98
444 224
811 658
934 727
611 425
64 112
860 87
763 804
761 762
169 772
316 225
621 258
474 205
152 109
842 97
802 512
255 850
351 702
264 201
818 124
425 251
199 301
681 360
898 219
315 133
89 935
908 67
728 428
980 792
956 49
102 118
959 639
546 719
876 710
875 272
328 743
886 836
455 193
893 75
518 278
212 2
543 717
588 992
365 50
682 251
92 838
368 277
981 217
481 159
349 108
179 586
119 13
730 381
165 35
628 285
299 631
201 368
956 458
307 420
116 773
918 477
85 550
111 515
312 55
953 6
497 875
225 241
648 951
194 759
662 785
927 225
598 707
213 825
217 355
78 217
189 410
350 765
617 793
804 383
403 675
104 618
244 841
609 828
662 123
809 445
715 283
578 699
345 808
241 666
91 261
630 943
405 690
363 20
21 813
634 686
743 107
981 998
624 199
906 966
309 639
689 845
835 711
309 731
561 33
191 928
876 709
949 159
576 500
818 667
574 173
951 125
875 10
95 692
915 924
451 383
568 226
370 108
649 615
724 420
601 48
809 924
95 772
140 279
810 746
210 253
668 799
521 251
571 568
680 70
956 347
619 102
653 882
96 876
90 30
461 848
528 966
771 777
16 845
899 306
357 812
788 593
854 932
768 248
985 290
740 851
492 633
893 911
942 376
453 929
349 230
824 344
52 982
368 444
441 198
804 712
293 153
792 874
807 386
919 703
559 48
623 668
18 564
684 576
16 768
219 59
160 191
195 231
831 985
218 783
137 507
373 925
145 813
530 333
145 118
597 981
16 103
993 76
619 401
567 541
90 833
122 952
419 588
684 835
223 911
687 196
964 408
202 242
305 330
880 803
22 224
496 656
379 333
242 831
805 274
413 560
494 995
505 599
618 54
660 93
497 90
709 449
397 732
34 866
150 126
683 526
13 593
998 173
5 616
89 836
670 325
360 706
337 816
551 718
945 351
30 958
453 96
242 588
266 796
231 523
784 894
527 954
588 304
804 420
71 375
118 155
544 519
246 790
974 817
263 311
341 733
306 108
463 5
834 583
206 917
394 829
533 420
833 236
311 57
625 876
668 757
305 796
944 958
324 859
823 966
232 545
175 467
266 790
188 154
875 867
847 563
640 408
87 182
43 517
722 139
858 353
802 862
707 642
461 874
123 269
935 640
