1000 1000
316 982
29 256
314 820
812 212
50 222
438 677
690 785
319 344
804 530
872 393
849 135
901 561
86 493
800 512
746 586
981 286
407 64
945 362
247 936
277 765
98 382
302 496
60 655
40 817
521 772
865 680
653 292
826 367
737 143
355 198
49 451
528 43
430 355
421 604
561 115
639 761
740 154
123 703
775 153
876 873
969 477
65 844
797 484
635 309
98 20
54 195
695 821
793 653
724 984
985 512
942 593
602 79
706 992
987 331
747 495
831 122
622 579
338 874
844 923
147 905
472 31
672 244
345 532
969 174
261 93
474 819
944 469
413 571
90 988
775 821
388 378
673 384
949 391
770 341
132 794
142 736
413 614
422 81
483 416
19 414
723 833
677 167
648 360
37 836
2 253
676 141
362 370
367 797
206 693
994 281
251 652
412 394
54 441
417 1000
82 345
49 60
517 62
700 740
940 132
6 777
50 494
338 506
288 944
858 982
801 33
422 731
824 391
85 451
267 403
427 764
147 875
276 317
457 968
666 336
532 266
763 537
974 590
676 365
599 213
337 970
915 663
330 242
187 385
970 347
739 136
782 218
620 859
718 922
333 823
878 998
258 415
839 625
223 243
500 796
724 646
121 656
765 309
751 687
585 942
141 646
108 800
168 14
193 925
912 468
868 463
612 326
236 250
973 739
119 597
223 19
325 505
452 812
732 673
972 144
237 19
806 891
440 696
689 459
587 577
347 156
539 114
413 66
106 158
392 526
5 884
642 310
952 976
96 868
238 625
945 35
356 192
884 860
768 934
382 391
74 427
597 135
662 211
448 840
329 542
457 650
192 580
977 281
589 400
463 531
343 378
369 945
683 61
176 105
200 514
743 988
361 296
65 801
732 19
7 169
808 572
63 611
900 394
94 833
975 341
489 992
975 66
94 553
35 162
52 487
975 250
494 88
51 984
109 951
4 419
443 848
340 646
209 221
376 190
509 433
883 559
941 941
295 42
777 463
535 374
979 526
572 577
797 824
521 201
707 1000
317 921
264 222
830 858
351 655
179 462
427 928
830 326
626 95
72 882
37 779
722 871
913 269
433 106
792 481
226 23
440 545
666 937
396 560
852 103
343 636
926 704
588 611
65 901
757 386
373 584
205 347
502 863
758 957
348 89
579 183
174 652
35 595
968 965
184 349
2 574
85 956
935 927
443 685
467 595
562 567
908 392
261 342
515 244
314 416
394 18
870 671
228 252
551 714
13 316
638 783
846 133
626 657
355 555
640 821
963 411
938 35
442 758
274 385
525 713
223 212
924 644
820 497
240 939
112 103
99 63
623 339
608 693
124 910
347 646
676 508
973 141
163 350
865 59
648 894
744 221
844 584
753 902
481 955
745 921
557 125
922 138
836 704
188 608
805 377
745 121
309 863
79 579
323 280
340 110
784 925
33 754
562 528
44 215
933 489
965 819
603 222
226 34
423 447
241 972
658 348
913 485
760 835
560 590
354 971
862 948
266 648
782 584
984 19
91 358
331 649
549 812
733 507
887 21
547 363
620 93
469 285
512 194
345 37
884 217
541 768
346 574
25 940
922 465
659 121
11 782
190 148
775 521
239 923
382 670
699 512
462 255
9 612
627 287
417 543
452 489
399 825
278 717
364 950
290 332
495 163
639 736
375 773
258 630
251 684
775 38
537 236
545 727
920 569
699 691
888 738
299 264
947 740
663 596
996 799
970 485
741 989
830 889
703 818
589 62
251 816
678 368
503 948
763 792
561 207
664 636
875 26
436 337
737 178
905 939
863 616
484 74
641 746
716 895
643 827
428 516
160 235
406 854
207 890
184 35
332 737
423 199
548 943
646 497
393 477
89 158
717 463
258 520
262 158
554 156
735 835
320 29
858 639
257 413
754 569
158 795
421 776
414 479
593 725
852 750
408 557
659 548
47 528
369 403
945 353
986 976
858 772
196 979
152 372
73 970
136 55
963 623
445 345
765 651
599 22
549 390
362 541
315 499
647 856
295 158
909 779
337 40
422 11
37 518
735 266
547 320
773 818
373 906
583 293
829 507
419 832
347 320
402 671
52 412
90 118
475 234
160 903
692 569
532 441
531 235
961 992
589 519
408 125
221 250
63 477
894 765
99 172
998 932
225 522
221 343
376 929
537 405
270 349
399 886
224 686
900 650
818 52
158 331
472 26
355 308
243 446
141 952
377 65
54 220
68 138
784 751
651 249
762 712
957 121
571 934
53 3
315 293
23 539
965 851
232 336
247 649
728 885
793 212
931 771
196 483
813 154
217 724
401 574
471 789
206 714
889 811
997 730
838 239
284 753
195 152
79 207
111 116
575 863
470 927
70 490
495 500
21 224
460 104
55 96
179 578
258 262
66 601
545 67
263 72
234 53
356 418
893 496
289 531
760 530
971 690
139 951
322 48
324 314
977 789
897 561
926 797
152 34
140 316
311 649
391 177
207 31
165 450
365 360
118 547
631 178
172 500
125 430
227 517
642 3
490 327
351 894
4 791
702 246
177 239
451 314
349 968
826 237
690 114
708 300
300 534
930 246
950 283
11 483
319 674
240 465
466 463
840 728
257 261
701 650
5 746
284 1
461 729
686 494
808 408
71 976
834 126
805 849
168 598
44 62
653 243
79 209
49 613
659 124
515 122
609 449
465 869
348 695
338 191
436 268
113 450
572 177
166 175
848 546
463 869
958 911
60 378
158 669
548 587
44 255
72 62
755 973
75 534
436 274
276 95
32 531
153 129
94 136
610 310
983 239
653 581
128 528
961 414
382 919
626 988
692 473
893 838
66 44
736 175
25 203
186 822
248 938
587 148
663 895
817 763
601 42
865 574
576 124
76 827
324 169
697 228
596 189
306 668
137 919
919 803
993 253
218 911
116 643
323 390
608 924
627 415
217 721
962 334
342 662
924 254
754 419
521 467
865 647
181 92
399 446
618 848
615 989
128 833
209 652
46 312
60 874
727 748
199 277
626 226
359 308
443 116
544 594
14 750
304 36
98 893
413 898
712 186
773 141
642 307
100 333
163 143
519 452
983 236
732 473
3 126
452 573
681 150
409 103
645 706
329 74
885 807
132 491
634 57
603 586
408 925
652 303
643 205
579 788
100 941
47 889
387 839
1 383
716 217
926 71
374 337
34 171
573 893
108 816
265 213
485 274
218 176
572 783
994 225
620 409
67 948
262 362
11 403
380 712
428 318
853 812
25 727
948 491
342 144
125 239
484 446
279 947
661 788
660 397
624 635
802 132
829 5
161 823
610 35
498 903
512 151
940 565
644 283
559 343
755 373
49 870
603 680
165 629
557 838
536 294
339 408
52 108
869 794
499 480
608 670
761 245
601 269
576 915
719 256
916 989
198 233
897 93
88 410
478 918
664 287
592 195
661 775
317 750
945 71
15 492
378 668
954 445
524 148
446 31
511 689
640 660
795 240
892 676
126 812
317 699
914 42
895 238
594 822
630 103
353 914
840 983
224 399
345 258
501 74
382 371
542 210
948 130
137 292
579 244
369 232
411 259
36 189
252 71
285 781
882 680
629 154
381 478
53 356
371 351
460 221
475 814
275 457
484 616
821 958
617 296
342 842
303 441
476 706
593 274
496 87
486 811
95 940
318 637
633 671
385 473
358 840
602 770
889 405
28 665
967 800
557 905
843 141
923 695
760 345
991 329
873 934
538 428
497 975
184 683
399 240
488 473
725 489
365 732
809 578
137 316
700 621
980 528
938 517
467 826
164 996
649 910
421 651
364 716
823 407
262 606
268 711
605 288
760 907
969 936
946 6
597 445
546 428
15 308
30 667
701 768
421 916
909 530
49 373
964 206
456 875
124 845
109 355
963 236
428 325
452 347
223 256
953 378
570 896
677 782
238 337
353 874
809 895
247 398
1 706
865 633
467 54
970 122
665 814
215 59
760 181
207 593
485 675
38 171
692 615
470 781
884 357
142 93
903 212
938 570
161 636
82 586
518 987
843 217
123 795
616 551
940 462
376 966
905 771
584 738
100 132
897 989
925 955
825 954
432 491
317 461
974 263
972 486
126 172
378 228
107 670
833 685
171 54
269 863
607 981
411 416
991 328
832 289
45 244
453 643
428 744
765 405
654 960
762 789
905 981
288 196
73 174
899 778
210 255
553 812
675 286
32 239
622 256
213 87
552 341
414 979
154 792
186 743
829 914
300 713
194 644
916 288
590 601
848 585
201 94
810 903
469 116
452 626
498 644
28 26
378 425
681 280
245 658
53 749
464 579
924 198
977 548
992 162
24 234
231 299
126 237
823 174
755 300
456 715
827 328
134 914
272 981
768 538
574 387
691 491
960 546
479 868
304 379
427 349
161 76
584 96
33 807
298 964
913 433
704 432
761 890
574 768
20 321
397 937
874 301
115 503
966 349
569 732
115 5
601 700
851 73
463 495
116 348
264 425
55 524
923 887
478 17
361 103
954 129
184 504
794 583
829 354
924 858
884 371
962 128
166 123
456 837
509 304
246 321
216 670
