1000 1000
787 282
936 458
717 901
156 194
896 288
426 556
848 197
408 485
525 565
726 996
898 557
980 741
471 429
641 898
685 503
860 626
831 418
666 857
451 661
343 165
641 826
853 374
553 265
361 180
899 448
633 609
462 179
413 654
114 357
670 373
541 555
704 398
460 966
797 834
617 106
615 84
474 957
64 510
241 864
229 991
669 951
538 102
328 662
291 287
708 852
877 580
740 108
995 438
217 680
207 963
727 174
26 324
87 734
377 235
961 262
964 229
589 28
322 933
93 705
410 233
688 465
91 368
130 960
485 724
722 106
668 411
934 186
340 491
843 383
473 343
163 393
747 806
789 194
985 149
588 10
482 910
769 77
990 182
750 552
157 701
907 52
357 513
948 848
508 633
314 349
417 552
517 779
654 706
666 639
706 121
16 835
465 402
325 407
389 13
399 928
568 962
406 808
850 582
266 882
898 806
873 503
923 466
223 159
495 467
168 692
470 349
823 682
24 133
481 110
711 739
1000 668
312 968
488 318
835 793
346 211
616 784
831 665
429 669
891 699
747 458
799 276
310 177
152 671
168 191
912 163
905 692
8 492
96 293
704 847
348 683
751 658
851 56
657 253
761 327
774 557
818 9
737 460
322 965
725 878
355 454
391 182
601 186
544 542
97 502
911 81
456 53
370 833
677 956
440 405
544 611
200 836
541 193
582 390
899 618
663 870
804 895
289 204
93 729
275 318
840 984
930 188
83 709
16 73
862 697
430 758
766 216
805 14
798 821
944 166
190 626
422 116
71 743
430 131
959 879
356 941
195 403
546 665
831 21
82 629
356 795
79 688
667 10
675 19
601 117
170 902
522 297
940 89
229 410
620 846
664 22
832 661
305 355
4 272
72 676
669 409
586 568
571 650
921 428
433 810
480 488
722 685
920 311
412 135
355 113
373 592
52 813
789 455
906 554
369 719
117 681
947 972
857 663
588 396
254 843
90 137
844 600
831 327
273 6
715 804
204 883
433 858
793 102
500 655
710 413
913 452
2 970
27 158
561 446
289 472
511 891
632 538
497 665
101 29
114 948
948 992
171 917
332 698
208 12
658 717
159 140
496 657
339 584
394 209
80 147
195 417
318 113
458 365
266 505
470 276
626 341
700 541
153 226
605 693
841 769
272 615
9 799
719 750
721 92
445 764
146 883
283 803
100 6
686 147
555 922
116 569
777 313
287 679
327 882
538 874
305 964
586 49
413 288
444 465
920 264
123 393
184 513
122 711
863 56
721 829
250 332
964 746
880 395
28 307
428 128
4 606
60 637
381 681
502 118
361 737
505 801
128 386
707 480
948 29
279 91
887 263
472 306
352 548
862 330
106 578
829 317
347 240
352 321
275 425
909 913
512 654
856 64
699 246
189 922
720 550
849 836
935 865
943 818
36 531
487 375
39 501
270 694
131 398
134 429
872 933
590 549
213 458
764 994
291 76
477 135
286 115
703 796
707 308
734 997
802 585
42 502
913 273
473 735
288 936
113 970
900 649
89 616
815 122
806 913
36 635
615 935
906 995
999 63
508 231
27 752
657 421
306 916
212 100
981 813
368 579
973 445
444 878
90 752
560 141
2 357
504 397
178 740
479 865
379 34
766 46
553 426
565 803
40 546
21 117
332 685
413 626
838 304
941 492
21 456
193 911
360 665
948 98
564 609
840 443
817 737
110 54
676 862
811 701
863 260
893 111
105 918
616 970
635 376
273 164
216 597
244 951
902 762
795 670
666 894
206 167
26 485
343 617
549 909
811 840
254 997
831 511
517 115
983 112
196 558
299 307
79 235
848 350
867 944
528 588
50 742
354 555
968 763
43 952
667 666
953 947
583 152
949 88
49 944
874 616
987 511
948 874
298 889
316 635
351 190
801 314
417 62
371 9
551 729
779 226
521 443
795 109
701 119
918 92
25 467
435 997
341 9
870 617
119 209
955 103
614 645
323 776
684 674
950 363
555 519
210 504
126 202
690 279
929 833
716 748
851 871
938 382
227 390
298 230
833 455
131 319
867 307
685 605
217 759
623 436
162 26
184 319
749 897
870 855
695 89
849 533
766 759
820 767
748 579
623 456
856 322
696 156
504 634
652 806
430 887
900 799
543 53
325 507
347 945
627 869
844 696
93 818
84 381
585 589
306 755
752 76
350 632
918 823
376 123
162 363
779 656
926 95
430 468
925 904
233 486
832 979
948 478
268 642
558 527
489 212
684 145
962 362
239 236
348 417
463 526
651 774
778 150
977 132
400 298
356 836
288 795
832 313
527 455
287 189
300 838
560 68
480 101
574 664
198 645
546 535
693 407
934 380
948 412
899 202
863 195
597 427
95 316
453 212
181 916
189 494
132 271
167 404
805 577
54 515
229 356
900 595
720 639
941 505
948 555
734 237
304 718
740 926
641 732
831 391
954 279
668 213
199 667
853 710
191 206
67 965
20 883
773 128
172 908
877 798
536 495
767 203
922 33
699 745
283 136
502 925
55 347
465 436
830 721
441 718
614 304
14 868
895 640
741 435
972 722
18 142
171 499
645 482
733 283
165 986
544 956
163 498
735 156
318 234
138 501
294 433
120 152
758 48
976 750
270 801
894 224
250 422
187 449
802 365
622 385
528 602
801 941
169 574
97 711
328 457
909 697
296 791
247 960
902 388
610 774
501 901
478 952
211 1000
377 868
442 300
303 288
266 40
874 964
704 144
90 957
43 259
965 612
777 919
520 670
379 436
965 121
800 492
695 266
286 473
469 838
434 759
133 540
948 554
364 838
692 976
543 795
802 207
536 170
672 409
745 814
688 419
788 529
782 928
55 549
375 118
828 462
398 314
696 368
949 659
227 708
417 817
222 604
943 469
56 505
128 886
619 707
140 406
606 130
115 4
52 825
367 151
265 771
749 875
354 760
857 381
718 937
939 699
297 73
289 317
330 206
844 159
895 403
466 898
56 503
460 795
429 809
780 776
454 951
584 892
435 797
746 733
115 121
829 140
325 116
367 387
619 227
428 406
653 554
620 85
725 57
557 449
486 689
618 655
988 992
615 122
745 927
601 631
103 732
196 488
629 981
37 647
893 18
176 919
352 277
164 157
925 266
587 194
630 272
634 192
460 327
505 155
455 916
76 613
908 745
148 848
900 507
444 659
632 895
740 851
683 686
799 856
435 713
563 893
324 332
812 866
163 259
582 399
223 523
701 85
429 916
869 768
409 157
112 326
457 79
24 128
511 208
120 30
252 511
941 185
692 469
800 951
294 325
529 841
550 573
551 897
922 572
105 34
877 568
944 253
740 48
30 688
615 112
180 460
765 685
94 312
729 987
816 879
699 582
288 251
484 487
999 401
861 685
813 820
451 26
263 774
447 242
609 557
146 829
993 476
929 783
497 309
53 801
435 435
301 440
11 932
882 847
501 49
369 322
221 875
121 459
634 502
98 744
198 657
944 666
120 589
268 447
884 794
60 900
84 48
344 114
502 447
153 41
342 76
244 233
963 546
247 207
379 8
57 909
907 174
423 108
279 40
680 654
492 494
25 514
761 567
54 232
476 240
334 1000
579 862
792 137
124 985
830 365
560 953
43 481
265 817
504 923
89 295
300 244
922 761
621 57
411 414
237 892
744 868
334 231
809 958
120 213
105 214
843 791
865 256
451 613
611 309
450 857
427 479
511 222
633 705
145 172
968 71
478 214
631 22
817 343
821 22
152 665
636 531
990 186
150 676
626 289
981 832
933 675
231 222
469 533
534 128
65 812
640 873
471 523
291 750
107 848
123 907
594 525
964 334
383 831
293 300
147 717
747 866
519 210
698 134
109 376
965 276
526 327
744 117
249 133
497 43
832 539
12 773
592 216
499 201
958 808
385 656
340 115
564 472
417 370
101 183
316 23
521 469
700 892
881 994
228 734
781 319
190 236
618 59
781 563
460 799
157 235
740 959
938 496
456 358
648 153
424 625
652 505
723 503
875 403
491 197
82 357
45 591
38 871
328 580
552 381
604 918
272 399
384 693
23 282
436 897
917 556
677 961
292 591
86 409
475 222
51 632
510 796
630 937
107 687
616 391
512 319
84 273
781 477
669 669
634 433
612 138
736 738
5 44
751 541
329 178
438 233
251 856
708 534
485 128
676 915
669 393
809 992
654 425
636 101
221 495
256 674
904 97
138 567
409 338
765 434
790 268
433 373
230 549
516 156
634 720
983 269
479 20
14 748
415 72
722 850
892 128
541 249
398 970
688 934
134 424
603 930
514 59
223 283
160 899
574 916
557 441
389 88
943 657
376 442
747 792
537 871
711 291
966 72
766 22
397 485
769 765
168 358
255 706
58 141
270 657
433 566
649 50
657 510
34 124
4 92
612 65
168 701
50 404
550 295
444 325
130 435
230 89
37 455
232 407
298 921
678 5
529 920
512 122
984 342
550 963
294 94
679 215
627 111
101 982
380 184
250 601
508 923
574 567
774 322
82 599
944 750
173 897
351 566
117 485
665 411
746 208
129 974
