1000 1000
43 773
142 631
988 713
2 254
62 819
754 301
284 78
106 580
120 787
173 208
856 374
360 174
450 200
669 350
743 951
775 245
442 54
25 386
328 952
397 789
317 152
938 326
440 491
78 356
137 164
774 835
330 706
253 314
811 490
809 954
196 16
449 18
179 594
748 765
275 727
976 309
125 580
468 598
93 736
159 41
387 145
896 373
22 704
898 953
555 121
107 855
876 558
527 421
815 284
898 452
682 638
243 789
40 456
219 4
82 71
369 17
330 120
995 940
325 714
597 493
259 337
989 923
27 982
401 621
146 686
209 107
550 438
84 679
606 153
197 992
486 525
208 954
152 70
803 772
614 551
458 18
736 897
652 274
811 165
817 299
638 328
194 447
531 422
961 319
450 451
304 343
97 140
249 608
992 111
406 37
836 721
161 453
695 200
435 811
275 351
373 741
22 231
120 173
708 30
220 181
411 451
434 697
330 227
43 634
914 827
90 143
547 779
741 635
373 877
706 50
725 549
554 316
580 281
319 910
915 18
151 160
419 175
960 143
780 78
903 184
437 389
153 945
982 317
20 215
666 425
172 788
705 267
661 882
293 432
989 19
667 849
78 945
592 145
313 799
671 999
480 125
674 886
219 536
128 399
214 225
63 775
974 663
158 208
130 651
365 578
367 553
387 345
442 929
156 366
746 688
324 920
923 237
131 358
855 209
987 210
761 218
793 592
728 872
77 327
727 575
791 862
982 663
426 707
862 685
150 448
678 46
782 789
737 616
172 418
309 747
482 793
982 357
976 373
841 405
735 105
31 231
308 277
901 826
822 858
149 549
837 55
229 74
825 227
298 270
703 316
794 314
361 549
639 834
440 377
800 990
689 844
695 455
73 597
102 958
272 702
354 349
629 882
514 964
17 725
425 452
490 512
110 66
600 624
46 933
919 268
971 254
56 908
402 559
162 63
300 949
288 270
11 914
953 932
407 795
818 541
133 981
588 970
863 575
940 31
289 881
380 769
343 360
417 700
706 344
438 867
423 96
884 974
740 961
240 453
583 249
663 320
456 29
765 381
733 440
493 46
186 247
968 89
251 909
874 395
327 938
826 741
867 366
912 683
751 232
628 520
964 689
308 845
856 122
327 656
101 379
663 250
543 9
608 844
949 298
995 113
807 524
687 801
641 651
887 323
244 530
293 626
597 642
324 447
63 425
472 230
128 779
448 373
562 993
152 138
752 48
398 271
510 538
352 13
902 85
503 931
954 374
12 569
427 512
527 410
67 134
369 259
422 608
114 398
657 220
959 681
900 652
585 130
613 794
417 65
452 188
435 384
270 845
574 632
828 717
630 483
95 730
51 763
200 671
223 990
664 12
419 665
461 647
820 214
131 788
404 467
630 720
897 536
337 243
340 251
640 715
641 885
264 698
195 329
520 520
522 61
564 443
56 767
185 381
778 970
859 106
905 960
492 852
525 815
781 848
932 618
945 204
371 352
67 251
417 230
963 617
603 192
469 193
858 411
661 652
918 274
355 746
76 638
779 56
578 342
189 525
195 92
667 619
481 795
92 78
442 516
92 930
677 417
354 307
709 243
30 893
521 800
971 610
358 59
614 816
150 689
765 33
316 641
695 110
779 894
479 490
894 379
905 213
292 825
719 5
732 171
759 221
885 345
540 986
582 152
577 333
212 588
973 498
103 142
365 168
122 991
193 940
450 861
680 943
186 10
321 252
103 380
334 16
688 948
793 791
986 620
481 397
756 839
144 179
232 166
498 825
50 3
248 679
69 610
120 793
418 571
430 62
816 554
122 623
289 894
95 909
753 739
355 354
930 727
708 194
529 815
868 805
669 679
322 958
325 398
296 653
375 824
360 367
105 204
637 990
115 785
438 378
975 262
80 682
332 385
295 903
555 115
868 435
797 366
680 32
890 631
430 29
215 924
277 583
477 985
436 817
292 677
243 221
722 47
548 613
135 677
769 970
990 79
888 17
409 612
295 213
576 442
35 431
430 564
892 713
485 525
186 928
728 387
929 41
728 536
991 736
466 842
743 697
723 86
389 55
244 69
850 750
819 888
683 205
972 676
373 718
860 73
106 827
991 868
99 48
535 338
811 719
1000 472
4 9
331 496
748 292
334 292
263 57
50 137
812 571
890 544
192 195
15 528
524 995
936 855
597 128
619 288
326 78
988 278
708 699
977 485
824 385
517 321
482 302
588 782
192 283
786 967
638 224
888 526
346 438
91 866
847 735
829 470
166 717
482 554
754 685
797 437
857 882
810 598
715 261
195 419
41 325
32 192
445 435
394 281
877 407
772 150
159 423
387 699
593 751
77 877
332 477
739 74
492 620
292 57
638 965
581 971
969 664
98 720
836 284
883 739
510 167
909 909
644 748
796 464
710 948
477 444
394 529
17 935
921 824
535 935
665 766
897 220
416 576
204 174
205 791
951 499
638 59
149 524
412 9
369 547
680 284
385 971
659 310
533 729
547 826
380 386
707 364
973 448
617 109
132 520
262 152
482 616
425 739
414 385
542 118
384 430
371 526
826 378
337 403
655 478
2 429
261 675
372 187
378 675
732 267
288 222
957 575
362 650
740 227
139 378
157 832
561 891
305 194
690 691
857 257
936 444
89 423
882 900
87 195
36 408
230 759
528 433
750 990
741 97
228 249
117 449
396 25
534 551
519 569
346 607
344 740
624 865
617 337
285 811
357 674
493 964
410 766
374 930
159 246
620 208
584 477
419 748
522 346
828 29
424 204
195 565
599 858
799 909
371 568
188 10
141 597
230 579
474 665
510 952
639 553
472 309
831 35
478 20
398 325
967 262
33 328
947 170
6 471
309 723
54 570
552 427
873 696
566 427
948 991
39 780
410 805
756 766
811 515
333 919
438 921
380 126
868 369
444 801
959 323
198 820
551 336
625 268
422 61
34 282
912 487
369 149
678 122
85 999
362 537
712 787
815 94
246 971
214 974
501 927
286 223
886 398
460 714
46 3
608 676
44 347
608 318
802 242
915 857
751 916
300 190
260 75
638 971
399 247
739 468
388 915
206 25
317 604
278 978
949 73
45 683
498 313
389 620
175 200
481 268
659 599
594 516
580 62
731 150
152 874
392 203
537 909
603 311
809 2
253 853
722 347
819 885
169 305
451 779
717 326
368 530
56 906
116 360
425 82
591 62
785 111
943 678
303 150
955 144
177 916
86 162
800 507
166 741
936 747
45 794
697 539
325 966
431 166
538 854
130 319
921 155
551 917
491 6
339 828
313 532
819 750
431 137
747 669
927 991
736 613
769 844
429 26
13 480
667 629
825 145
943 857
563 886
834 716
62 212
403 623
822 756
664 516
136 906
863 949
784 520
301 324
289 981
921 249
901 15
505 607
913 701
294 375
70 559
548 285
915 741
609 82
385 490
156 766
13 831
44 49
674 601
299 327
705 696
519 333
394 595
775 702
630 703
430 489
410 809
837 91
232 98
82 593
541 754
922 948
800 325
618 713
347 969
875 907
315 472
785 950
611 81
75 21
650 328
793 391
843 90
704 70
637 542
314 900
584 74
422 787
30 928
196 41
364 556
823 197
808 411
168 679
48 341
153 608
270 809
525 640
99 799
462 622
364 451
479 129
497 267
867 57
686 578
887 297
859 729
254 859
523 539
828 199
867 194
531 64
569 472
507 977
631 382
930 944
174 289
734 443
499 834
278 813
536 89
747 130
810 894
973 41
847 881
230 902
344 158
870 745
658 883
645 714
986 631
353 1
282 738
738 9
147 237
319 862
613 417
814 479
817 674
634 104
423 682
878 150
708 357
322 844
789 430
747 889
170 903
932 808
23 656
705 194
21 602
702 374
658 852
54 962
28 374
757 220
224 394
386 701
108 885
247 902
918 299
597 560
199 115
811 347
572 396
806 617
887 499
751 220
169 175
897 975
991 837
920 331
112 144
709 315
742 143
908 509
999 406
430 87
782 896
460 489
541 940
972 971
328 624
238 372
262 30
312 176
88 194
76 209
183 427
839 479
124 214
101 47
984 104
176 525
674 48
242 733
806 529
836 571
42 976
764 309
356 802
603 566
134 571
833 299
739 949
292 603
100 371
637 968
83 391
204 959
832 204
685 140
900 386
498 204
860 731
362 934
141 448
905 810
440 934
685 780
325 324
796 105
91 21
634 8
962 259
511 467
39 874
363 717
91 383
97 322
272 169
190 87
286 49
992 685
682 473
53 238
35 718
622 314
731 861
450 963
196 566
707 243
109 971
356 654
535 898
657 196
25 201
553 51
983 350
757 149
638 485
7 578
331 972
863 498
454 849
906 767
737 19
338 490
309 763
369 213
538 868
101 769
902 892
41 712
629 850
863 436
909 26
875 41
583 212
150 866
442 845
835 914
326 72
110 765
464 554
678 36
278 487
769 594
965 986
925 93
552 182
644 369
531 377
536 788
991 648
172 547
366 511
8 636
623 140
419 581
246 24
691 890
7 679
995 984
368 668
987 536
253 254
385 903
78 2
