1000 1000
30051
41705
63784
97183
15906
31870
9247
31745
67357
21908
99482
10796
82026
12493
90041
2245
90711
25586
67944
46503
67760
45367
84011
58226
21780
18259
84453
84496
60173
81709
54230
67130
64547
7675
74076
83226
71644
33291
14758
78952
66282
89355
36627
58116
6390
79063
62826
85962
64567
97512
79090
76206
44945
32775
71865
2567
47123
63047
15853
98503
22411
67290
77296
54810
23888
67968
70917
67081
4981
28147
24503
93254
87865
92026
43760
50372
71931
81140
91093
98491
34605
23570
18727
69023
26093
76416
26387
93319
71993
13314
7788
21105
17900
77488
71081
5465
97194
74553
55076
56209
23380
1047
69492
72637
76998
25792
75964
91893
78803
28354
12891
92205
27957
73589
90471
12551
16344
28382
81556
6585
80775
39153
19854
25836
88818
88755
66874
10007
67120
69367
80915
24601
98594
57390
50375
19502
3731
52084
7332
15105
10840
20816
72956
16587
60858
48175
42547
8563
34269
32922
15306
58302
65455
53689
41679
69951
88152
45120
46002
9400
24246
63704
51229
5959
37917
42483
70098
25804
14221
55570
83922
14178
84707
13995
9150
71608
7128
12856
78034
28479
88483
53328
2447
17684
16446
50501
29042
33525
51991
90502
443
49646
2845
63139
44634
3619
99895
93208
95223
39337
63066
39630
15447
31062
12801
94771
18352
77436
90150
55392
19748
13017
55948
41470
1115
3094
87525
70346
1066
78608
6304
72821
32650
95124
53642
44960
5301
59901
65606
41495
88819
7042
82915
28899
85948
53644
19844
27781
36347
35661
91769
99208
74192
86330
87039
47747
99295
27796
20432
69326
42603
70906
11030
15694
8680
11168
31145
47179
90280
65589
42144
82722
31430
75897
59050
23360
63031
2681
29283
96361
73757
65430
32066
5452
73587
20761
3760
31013
74174
79875
76354
15995
93880
52156
12989
73584
38857
49772
23376
79850
9302
68457
69592
52932
31303
62791
76475
65847
70620
84759
18486
16042
67132
15848
3121
68464
60672
67415
28193
45372
23576
75498
78771
47204
26246
15495
25775
70887
17128
25157
58620
59875
97654
60573
59137
37277
77717
42198
83539
11159
18257
22441
19009
24244
85534
1648
1807
62540
52030
7063
10436
75763
47614
4212
65831
76971
97541
66757
88768
42933
45190
8091
82171
53473
11681
37760
60379
11553
2580
97319
85230
9415
73141
45219
64259
66985
75331
66195
82899
14941
89844
4899
14097
4994
88256
6054
46318
45604
61416
945
3560
29004
18422
31623
7778
53383
3480
46671
53060
10688
34855
76861
4909
78950
86384
95706
41307
78097
97812
49093
8620
28148
69104
65258
80977
28713
96772
23716
66775
68096
69004
54394
93817
87539
3956
90387
69934
72569
23324
77271
24149
40839
72023
88093
25885
11477
9612
91800
4513
74782
71122
72197
70567
1525
11301
19856
69115
4210
92113
1094
19258
93397
14405
28431
31243
85464
8446
71064
8970
76883
31567
34099
19279
75916
96454
62539
95448
64239
61507
58111
47045
22922
31304
62414
97075
84359
97120
91718
90988
32051
32865
52166
59813
94859
62519
43765
95544
30842
1569
55906
77022
60670
68725
13272
21590
23044
17622
85524
71050
53653
85997
22699
97399
73566
6318
45532
38813
90918
67690
67377
9868
39138
90520
4548
50436
38686
22574
73195
18066
27544
59350
95350
18079
25210
497
5641
37457
35875
48040
22941
51142
98814
68459
64792
70417
84103
17065
47151
18924
9116
6009
87992
99874
23611
88570
30885
9061
88348
38531
28757
46669
3573
88053
84739
39836
76304
79279
98693
20104
31780
63747
5601
66434
95931
97487
24525
79117
64207
90083
63667
95059
15837
90231
18336
27999
78038
53716
77712
57060
14821
45533
92780
86194
28385
13745
7017
8642
43594
10822
50648
50162
71272
94109
92088
98859
52085
22757
70905
72163
52039
13911
49345
55639
84612
20359
40925
91933
51873
46205
34340
91307
26713
19311
14639
59638
58097
77512
50960
91938
24791
64759
21034
6549
78835
69489
72916
36227
74428
76198
70870
21125
1406
1921
66009
12678
1135
48286
58062
95152
64963
792
40994
71969
44984
48470
15203
68406
40646
73618
57703
23298
74540
39344
2126
64615
95948
41070
41411
6518
20396
39277
58939
25335
35921
297
81103
23769
67171
10285
88063
88348
85724
80628
84692
73085
37623
55891
2597
52166
19048
65168
14006
13839
67545
31133
94797
58838
63224
80954
58618
93728
94037
71103
85237
32674
75306
4532
23910
14223
68982
65450
42872
31379
85504
25013
43159
36
2423
85791
37325
59392
73459
2518
87217
46420
4848
53822
18731
55955
65079
74593
64060
39777
1535
88957
44381
14671
83356
43394
6785
50378
83270
67431
98221
89023
77404
49776
56532
36530
34108
8465
40359
21097
14277
99054
79630
84131
73050
98517
36664
35090
92268
42917
14488
49768
71234
46064
49375
12744
37798
28434
29794
91086
37687
63376
70419
74463
54884
20840
480
53559
32597
1804
85649
48891
41028
41428
5045
52016
46221
70148
26317
19374
23243
25718
59055
78518
53272
63953
85816
61513
38750
85170
94638
76174
62476
36535
57495
1050
89868
72104
71989
91335
66570
44149
70147
8219
49632
4490
38571
5612
77882
78923
38487
26376
85726
69071
10450
82510
55209
73040
66741
37241
11340
766
80616
27939
24982
14714
78036
26554
23138
11211
11774
53476
19318
11896
48548
55234
46267
11821
2710
90025
32652
74314
58452
83444
27951
6983
95847
98944
55940
47172
11861
86653
56521
51365
1024
91628
39656
65805
69252
78568
69614
58455
75094
64955
22148
93603
95849
11991
91729
23867
90695
66296
10568
81668
377
95929
23768
66853
43666
47368
41384
63184
77786
54913
90712
91391
13948
77
7422
2048
17206
46633
44398
80589
22113
17489
45922
49525
24558
10733
87919
32902
78165
75250
64764
27120
53515
88032
52808
58062
22032
83742
93411
66746
36086
2502
72472
17287
63752
80897
71536
74189
98311
22855
23876
36063
40563
56594
84886
10057
2787
49358
52826
31848
7704
90491
62541
97754
61232
40251
5839
27154
21210
81403
92576
61942
2488
21616
50552
88331
72645
60589
28387
16958
60799
64601
79909
12922
82771
53261
39699
80592
85817
21410
58667
33201
20218
6666
58804
75113
95349
91276
89876
14116
58928
16886
4349
41434
73330
79927
32510
81443
67628
28363
94757
45315
82064
77567
54026
97226
31218
83297
27988
13141
3430
95959
43929
91928
16516
36208
29045
85987
38620
54691
44746
46942
32787
74826430
358527350
672840537
839322123
286559974
961138938
928312907
334165335
405065757
489944771
703893960
851810436
125245716
980067300
920726407
807399540
83011112
237642135
917766889
811669736
134726047
496236833
868633742
178004806
546011598
219863010
631450624
474052361
446407273
298212255
118831137
655108575
293098795
319901388
122587161
474450734
607574760
430966832
395328048
728081720
875181467
538854120
418782661
967276571
487456456
714343735
473355234
344804936
583009567
186804638
450701284
884574005
654832202
270975673
768236881
303193880
932628211
531780158
504174044
501632196
681308133
651714064
608282356
551148144
567163909
758892340
555306940
630697570
922757693
320132231
309573334
385930233
152264355
456922924
56641382
629716291
297295777
41694981
31133542
466462217
701209849
628936693
438447726
767508477
754798236
841517596
991930412
350241802
561014166
639493853
207229484
287800522
727178384
50456607
144452551
505350359
329932891
123835504
567596796
214077264
538895389
78290825
470192290
68034778
240618344
310059558
369459532
131931956
398992284
633516357
282309119
582483165
668325828
159319828
589722231
32604689
157878334
192276463
88707684
32811888
839102489
873021273
52912813
234822420
292638188
685066428
251120982
201122505
266625867
797582518
681434422
95339653
926466672
551639850
8987768
91283217
284763832
854065452
280685477
668908373
74397415
557407480
483829926
63914494
542496344
102647690
673641845
92532217
215315747
149403700
578862056
612530656
61186217
925640759
532543357
200181538
177179332
542229908
324136531
893297954
546104507
96860565
427498942
252738547
301725504
347679910
649174808
639208988
157074596
855483457
923417751
474725834
934698013
592846365
20862002
99829199
605144177
810376749
582351610
121089952
976570960
35733145
302311104
531167193
309272018
827683091
336827215
932212068
342774805
958200983
497093110
894785048
103876709
741332240
221610850
236640075
317792803
753209907
449850849
711053556
112089892
741299056
831377247
136719882
414333594
497272455
189090300
663896884
630637172
184393221
285148945
372413217
906501327
984554806
543785382
510340184
7761979
997703807
522153642
279642230
48222403
141671203
881737878
829706408
862564641
780965213
58322181
668769109
355190045
715070990
290196642
647256093
555201760
902357335
472199730
641415734
742839001
601016344
767944377
37818698
578689667
303610167
902261853
13003405
891831718
994416685
146029093
875012405
418051748
819157246
458670967
701794994
257927099
154958905
312877885
78468808
144820771
569039830
822267808
774608299
590677442
98049301
623378960
696484541
423842474
370433534
909366965
37613526
773431643
147797259
581708800
879336125
48172483
141201953
611992863
925575640
503622816
452684758
938383328
190752873
107762517
926166686
538614181
555998551
246759860
142470086
6916751
227839902
974105624
580754342
25012994
398339971
45413734
901082984
862673510
281424639
488123184
171030314
98300191
615284222
280855941
350797735
580816562
868368521
689152600
255952332
634788958
566625343
169701269
824014665
668730528
947400986
75614606
17688646
625000923
474493780
890451448
150143884
945458399
953909616
139069806
772335064
901238196
285752928
731489732
59552480
321363391
888602039
845636029
443422090
50855465
88458803
339907333
185605087
89140846
538304794
136957327
271231335
110598487
77475390
61618742
321486559
928681670
810600072
156155193
265153340
884943016
23915717
545196355
591925573
192939304
767363076
889029083
474936652
793367985
702506750
383400032
357612018
190308413
683118012
103528756
171010813
477736903
346887596
573911073
529844411
66358566
643825350
343720331
268906442
928674612
567984915
215823157
271647180
290655037
213480971
954618463
965365089
77745070
343413418
11362623
122764015
747233398
812587393
810281501
499106022
137793163
779409717
254613629
215591782
304431600
300056552
814688554
677558843
918917525
522943404
175747395
16413722
291740781
6124669
246552577
699375951
359100814
105181093
371693503
952881755
82960405
939397374
981175486
829917424
486389563
707773274
61046656
667431373
756454669
875455336
899308125
356238980
730449013
887902790
45174342
410929802
547423908
475736701
604587282
55112787
371765128
373489367
380313828
446290013
454602372
109255861
350743965
739303993
15055887
554880796
702360739
843384631
71427403
782552315
981878620
567305115
173803347
986407685
667283726
11905056
139992133
14387499
924843786
515100729
549526665
78331866
441829006
376257876
532610791
266284877
37953073
849090183
597304006
736526632
557439538
687099971
611256573
256865322
731704957
732387811
241253228
373996568
744999512
685583931
142430904
510504203
223331005
394287630
406134642
627852149
318089032
727338543
249797690
790195353
528732207
63115713
364220246
355097089
383777102
724241669
939883935
260802806
928079730
742016639
211485413
688997643
693148232
653819733
877953074
263817160
410888786
486403952
554918674
442552727
690755753
840929947
641906639
940100737
910127876
498733920
652510760
866422798
744786817
860356957
744357323
594140167
308997491
222691200
125759068
134834234
457832025
446422333
339129586
921074495
866218727
486634744
23222799
778687266
545074677
3901637
197465345
314580796
386432003
979909511
457422144
611163081
654656837
359571448
754822196
898080521
210964232
352059079
400315557
151050890
631237402
858801989
883259743
862029001
895694552
488159673
653713752
599865116
1345333
120279691
167072980
547125369
266446914
303743857
274730649
431671587
592019530
267888760
752746097
346474153
435860466
477128579
667992928
396282539
346467881
878291114
138794570
311534862
776525197
113495204
512057965
397021897
163939144
66825490
11478792
356711365
697087604
683099477
568319248
431608298
587470773
948355315
294704039
222981275
582421086
56338392
902551927
75291577
956207494
634771637
572711815
589722721
711604295
557553657
370949465
378260686
809628509
483226547
989278910
588118965
543546452
759841361
35519829
371569766
976465067
927265818
205274160
307455316
57823478
840070334
107276310
731413449
732763425
527654328
756629688
86528348
535882303
896447092
172020384
127977608
571067165
710293206
95400915
76861199
226751421
463463990
900840371
776433382
220359454
167442078
801841229
755607112
539514276
650101005
11195402
739109335
346984613
692917712
861023081
562772323
562909809
803424808
472791051
995870488
748260900
553692912
863868226
493989273
529780664
428148719
918793703
674565040
823873304
845400972
173941059
471203991
989024930
312308432
109998371
722221263
87094071
761827430
912576307
894472007
896015732
471817752
133719293
836383908
157601995
899341693
757173696
393111363
932259525
97981602
210330689
357759654
738473463
630265503
3987153
910896063
687792863
747044206
305077088
29091900
173510966
349786015
370802308
938171225
291093343
44252426
669651245
294052520
540024403
512033580
704925737
912802552
69426118
481663540
706758804
718253777
195266684
576943595
948825076
571284185
888965350
186217674
581977819
234474283
731235891
261086067
841718171
55341375
220179411
10363511
856201724
295945594
121903729
641001720
494510198
495224060
862571945
274993774
929925733
592303885
204018674
389877099
352459710
208174639
227047408
359886005
315907586
367753162
359322610
868060951
61662966
271991547
341978826
312881643
980239167
270931317
572763625
374650563
500229052
833429147
534600466
997625516
844704140
157874722
380214270
248168435
613730000
504210924
745237318
547874064
747046940
174531164
81713616
459882561
898581019
134185269
537604517
893827460
697249887
70527818
230557653
209680571
640828119
441733829
831683441
275457279
153137472
173373906
29595895
983475833
351543743
466088678
711554104
338668229
78100144
202731327
411370334
17438369
125192665
776588306
999169864
371582011
96132072
797341207
128344704
322485104
638904500
979091209
936077518
713343676
265207346
547459846
481578054
441380740
628461861
948328191
184705474
375876492
761404460
89920496
88094046
484938056
870940173
351067666
831224667
490232550
604178034
27754019
823470998
169098058
682713633
901945139
221385527
908083665
746006464
158153521
823250624
298875851
786967197
661749198
681203987
926333423
666082865
119129943
122635257
116287381
347765474
816834116
103309272
800068652
927685246
963614715
624078878
485631237
19118457
600414483
524947920
299980201
67945326
62159198
214886594
132011216
411885579
855036443
8123884
4645409
985863294
110498178
810670378
865419683
685756166
115743259
236057719
570478586
341556091
811656512
744001361
45623016
599405219
622457021
733856569
458139052
969757398
997877011
479939366
427013575
557758352
703241139
286490636
546370965
525372707
493777453
193632724
746054192
402954170
992216472
427000590
627290437
178466701
91415334
320833082
909204409
171778702
128860156
527498749
537323652
855191296
868499131
333699614
562910649
679936826
988139620
568418613
441187547
117833673
564702454
746755771
763732005
641087874
277240643
326349706
587587066
403339273
468299129
897360101
39002211
883979937
201287131
383713627
969879910
480020911
812845724
596396374
555867077
335266331
749643957
598118638
962808570
284721949
866672541
632703800
662077397
307827372
785432518
285872125
748577667
279142217
558385592
126347047
27567349
107206821
591875116
669673720
175773189
972434341
349251167
863523592
900297748
886843025
867819553
142062884
516073732
221207376
703905468
520568239
466587821
71277852
151278774
268329504
2672775
706615601
42932535
728400717
730633778
710406122
895299832
259298340
275859642
960156989
233168221
42056779
795965827
230496885
294935957
512137349
38144350
787273503
644061530
644785448
452532164
444291627
169211497
819900653
26895522
788852524
479744555
694677434
724631330
810918289
71504443
787581586
340621978
836241204
900871448
696217215
273874870
494868560
844802177
691130994
320714332
829499280
89691407
509819136
128720065
952875678
825425553
