1000 1000
42172
85071
77242
96836
66512
40907
4887
37407
66140
61108
61766
27447
52696
59827
57505
91674
72774
62989
84969
37688
77934
34872
83498
67078
44351
28026
70195
85935
13251
47138
60592
86149
812
88158
29778
32666
19850
70490
56981
76580
70314
44221
72921
38226
56243
30857
596
70691
84164
74635
7687
71683
28920
55396
27984
78246
4541
97888
42296
14276
9055
66805
38453
40657
10195
37459
82982
48850
43827
37006
16567
88704
82914
84665
42827
54092
17772
39442
15594
57453
37644
8659
11338
18651
43156
10030
97233
62061
83848
5310
92242
2554
12172
93548
78084
3677
62017
5735
65359
6489
61132
21970
82798
81796
62275
48332
68954
6655
30721
10429
90707
73671
67770
65002
22564
73902
23940
72203
95399
45456
87831
52099
31665
58270
36373
98175
2457
36330
11107
72454
62575
75175
51198
80879
74155
52547
16236
78363
83831
8990
9141
4781
76142
20957
25210
48252
66930
8614
99514
46095
88730
98437
58407
64074
15963
25340
47185
5562
768
31132
3759
47943
96757
56624
48976
56574
72172
20070
27194
20106
52251
30380
30626
52473
53611
80016
24694
27577
19377
73543
23682
26458
78478
33856
17995
92585
10735
51483
33404
24016
3856
35360
83134
50789
54267
7421
73517
18351
40474
34133
88222
90392
14748
12874
55265
37486
37074
41903
52761
25406
15382
50614
93756
88169
48337
2504
71407
85029
22127
91934
94303
97994
70133
96784
5665
44215
35760
83164
92733
54327
57826
48494
79459
72981
90227
98056
31596
75206
52584
71671
73546
7871
11757
64208
17440
49509
89259
83029
54015
94044
49987
64379
32221
96472
28780
99119
26656
31060
71150
88267
97586
61541
34983
40633
89682
56931
1804
98863
39304
19146
47818
65912
48579
99067
37247
77494
34449
53602
97478
11038
2205
1547
3914
40379
25913
7403
15816
21270
69580
98894
41213
36157
24019
93508
37278
8329
60334
39340
38562
8627
59566
18908
60552
63962
84484
64686
41252
43892
42683
29833
25619
10649
7705
43421
50707
20429
12235
53049
61199
96473
20600
47755
54215
72853
87142
22971
4666
35274
58570
60982
47068
73162
60847
51857
49193
43495
96430
76626
42874
20724
45220
86397
80296
65111
30766
67335
36848
53289
77643
21407
38556
7489
87087
72358
33108
80636
35681
16771
79983
59051
56719
23919
47938
33261
54991
41748
8180
95023
78124
3171
37166
68146
63790
7367
14196
51145
21581
30937
32790
84194
33601
24373
83163
23920
42698
39943
22849
67071
28801
8379
26966
60586
98938
68939
31794
39607
42257
65210
86491
82753
25422
8517
46501
54872
17675
12477
43126
10098
43988
90837
3025
93765
18642
13448
17704
92116
4154
81115
89527
40508
14429
95516
66068
54895
61142
59096
20766
6721
37478
47489
27371
46541
72823
62755
67866
92645
79526
45368
11997
71084
39924
88939
33292
42239
37945
57678
12948
92159
35038
39357
47613
89238
62775
6822
70598
78430
43368
3477
34175
78534
22522
65553
60367
63052
92586
92895
62171
19668
85441
86100
69750
4764
9838
86894
76582
6047
83236
72524
19398
83829
9746
41495
94328
62836
21486
5288
5472
73491
27742
75866
15635
44395
16559
45378
12228
76640
8972
76552
28856
76026
75268
93801
17811
34232
99425
57886
60026
79442
76078
70589
58121
14886
38509
6768
71679
1086
50669
17599
29620
33832
83746
87395
75441
14134
33303
4138
90381
51789
59244
17197
72156
86210
69868
17340
70113
48668
81818
30777
91436
70400
86474
57673
45864
3191
92239
92094
23706
38534
5986
96446
45188
35586
69971
68007
56643
32627
47029
42786
51406
47935
88754
25737
44356
43678
20850
31874
3928
24734
55483
60409
53572
57963
31652
10589
49250
71276
73828
46656
22483
20045
79512
12520
23809
65341
33940
66388
12068
14495
86582
82000
83331
56836
2566
21316
85938
7959
18790
62409
59559
70546
88536
32720
9351
93213
84848
78983
31789
17544
30092
65251
91088
99908
68403
23963
56009
40397
24629
29809
94036
45176
39916
43016
89713
96730
35671
70214
87758
70515
87374
18011
10674
63956
95856
89793
15336
1939
57648
77631
34126
52084
82219
53933
57606
82257
94188
6071
8170
77398
29246
30592
22876
15845
1256
47305
19948
31136
12735
27588
73772
5299
55283
7590
3875
92254
90271
976
14814
78149
5220
59216
38390
81265
88666
35686
20723
50998
28695
66625
84353
42092
93920
4199
41637
12377
23959
12550
28698
60454
6106
81395
38469
98338
10948
83261
84757
16440
67892
60863
26876
92081
81672
90320
86512
66691
37118
43336
27889
85117
75843
26674
20449
15448
44762
85527
57714
62844
89609
57666
35488
85565
31357
5613
10506
5295
35398
74211
72655
41403
30927
55823
87097
52671
10797
55602
13229
124
42174
51301
73868
91682
941
52901
92936
60577
49766
36177
39843
29133
42843
83122
37198
41880
61972
77894
85360
99882
70346
37463
99268
547
11886
63993
75693
33444
35509
38585
37438
73188
76834
35274
11626
10041
67316
84712
4172
58705
53773
71820
119
59555
75708
29542
85579
32661
85238
5010
43818
58465
31702
38519
81636
54482
14082
52920
58204
39383
7886
59691
14219
81479
29429
81104
12764
44610
23438
20631
76754
24798
9721
66545
43150
15819
32466
31153
85355
7155
22392
56528
18422
88400
43740
80357
87930
61800
31054
95144
22441
88646
29541
3496
72094
58849
74204
26199
79658
18949
60118
91435
87634
78278
92225
55560
10914
82618
93738
47783
64197
28256
83250
25462
46192
61579
8624
26093
90566
44515
19707
51897
3313
10985
50172
352
90801
35539
38216
45061
81459
34418
49465
60385
79546
22964
86171
527
39550
49753
37259
43427
73343
23360
25103
31092
28289
43745
95934
51272
34493
89562
60445
26979
30994
5696
94288
43725
45480
94431
37999
88286
73268
17455
30166
85948
8899
85878
21569
6864
6516
11552
80503
80387
54724
90270
99142
70299
33231
28404
96294
68615
23481
49819
63364
70795
2450
56106
71642
86322
43724
75864
12351
90234
66079
69678
35195
20806
76735
6321
95831
78057
12260
32545
49303
50147
40082
59436
85282
61571
29686
78403
47776
48977
14289
90105
69596
92743
53530
94770
98888
27186
97749
90154
4048
20516
56362
10896
75915
89992
67844
1726
5042
63559
97259
45160
46435
63192
66448
58787
15425
42523
31349
221
46559
4751
5163
76017
32381
97220
68774
31885
57924
31051
75588
81679
51294
83313
55434
9759
90832
81270
38695
15023
542921433
559738665
341871498
336795748
355307955
986665404
285223359
146285438
689851179
591205093
404525642
545356888
548220346
208506887
423698492
958927254
937618101
827444050
905519525
170043458
42763960
665458272
799486153
414182392
662825545
838188655
794676331
285210322
718832355
162781047
649240944
800205955
304027622
891886119
878396348
95072297
294669798
282791478
350108170
613907189
993855262
403404161
906581510
407453995
146195802
813603466
695884937
504630498
806146274
313487960
34049945
749766604
918389810
478010040
780115066
718189423
83952597
584716072
322544036
739053929
972581854
281112379
322715458
930095864
78967698
550393003
407110340
630344063
559828533
919739722
163607314
300242201
384080624
788399127
78915647
395184358
707703505
419016762
159721613
418456713
461457170
511987954
481052596
910095529
584002945
30957557
246693689
454761773
796458795
283176786
848192177
154617431
775280607
233940021
776005176
116279279
865708334
266932798
851273348
62371915
606912092
940432451
739140638
77061816
385940783
41354974
675292621
464127817
821522170
464813311
298986631
533275372
357325759
429039642
186574326
565892548
520683563
343381140
674244205
546667131
308805462
86063894
816341858
1564507
516919721
52814150
726601079
837733977
747758655
490016919
418899579
390493485
501606224
886328675
532798380
63810507
929840206
40189922
411726845
711850843
853451424
491304123
413394527
812519223
941314235
48179322
59465899
640911678
478746894
154763045
486482799
434967512
903702777
934837819
664085899
388496917
596478492
917377971
351593
172177152
134967684
197903489
473807499
283235102
446219050
341548695
432348366
142015873
38461108
961133435
872045324
168903697
808342660
28213569
507456123
218318308
144626387
515072746
850503509
39196658
975360168
896780486
261457608
728924240
191377113
517939738
270886353
637037882
232262722
162541393
638409090
883643214
675154037
506173110
770670521
338172297
781976187
119660673
321379438
120993360
730664048
629197159
917725918
491937505
793099047
866926517
527413552
626714202
354822191
388408985
961967735
13209318
684250709
164388683
902777123
298331161
877703034
222103424
427000327
238346656
898555288
806157819
237882484
923608602
560819133
836667573
204751385
324854347
439329781
228978901
368446224
696508922
639038344
969625161
96105795
934963656
565026729
288338482
307239404
94855260
285597700
794185896
444544680
935613799
783544946
400590848
397026368
495867258
953025333
523537995
217422517
368798686
721466308
499576539
9906453
737706117
432034492
919824673
129523145
6985771
587687259
592602368
527855062
258628633
83942900
370326403
705901293
230858199
851497930
266634757
943838970
829652893
154350273
655261485
30643738
101381361
374555501
748178933
329678684
891567272
185539279
236290231
166247753
637663010
938086365
742207497
904551303
479191996
689235922
219226726
642617821
896445183
174906787
571539396
223823127
588817766
802569805
454598134
171347891
735367280
753301810
882202737
473729023
778144919
1835505
149587598
421803170
395897038
852413177
400380390
158970564
324445006
805522974
56944426
394782031
114482944
53667576
627798141
439480273
65002113
266946665
502636706
955171005
515661344
849039964
2382468
640560033
274487143
520844168
564015441
907379500
932060728
18576788
592594058
59873783
26126613
488378691
192718571
79669200
12677244
269052265
859576709
957441702
191517022
360116186
994620675
395219165
785178105
644527009
540980491
134200056
570309289
131678549
837865354
41179636
802287185
225449341
429926025
135178561
208935292
627672499
117168283
896699391
463628706
460873990
599471060
899733487
714837393
546996914
816662810
277506353
707598038
972123876
652537361
118517573
398862241
84817860
139408090
12102118
559405519
354945534
459065360
593876738
418304238
159876379
786270865
696883866
686018160
260572685
444231221
518081247
744153605
486295652
190785905
192159142
680745957
868087496
911600174
925644908
330002098
532712991
986755757
639810226
939512423
608492997
545180952
746259917
441002196
268960905
627913573
992499989
338679491
937990047
138997806
360553575
364810997
111231244
737138074
744992139
722479735
592097248
643328663
690776358
97227971
392441197
400306915
478148686
211047264
45763984
465550909
702341414
698090322
641676027
233889729
804069084
768709407
197907837
462586783
758791354
334047826
640351115
301175645
817198792
398109112
2530463
207661325
500917162
549132437
490229230
748814672
88742365
148093843
867014214
676005790
775449656
929491671
655395031
67592881
195108751
113952219
425333864
578962666
480380795
847867878
192957830
515594383
89834864
540565143
725415305
546919741
866276320
719199133
186891572
189210493
989558051
232961846
495399362
75965344
527007951
416112558
145971147
49738009
956609569
97428172
328148081
818788246
97484461
966013177
89541073
802732401
710879908
825399825
651359005
923841439
793613321
374848062
120016677
210976068
459280417
936362789
755887492
659168502
47057989
731052423
875362414
594493009
382840663
738450515
179004997
84952371
540480844
265814704
890007213
308120297
156227296
772588094
813759050
751867734
854914813
886783077
751549936
495085449
753528168
418785876
29392254
870053122
869745928
502484184
792030369
265969822
72543377
825662888
950690367
440085532
241464808
276842888
803544660
757919203
999899850
176922383
948700027
16314545
57036276
389039503
15311397
982248550
488584690
466044038
969219256
649366837
880406358
645723057
864083089
241592657
868860688
827092409
866313394
579372414
302074090
837674937
574984803
25099027
151808123
417912998
839796937
589665377
59686869
369469558
554235306
241436041
206145033
70234785
531277525
578578927
197977579
365495654
485384566
467669502
922677858
362723781
542024268
961104786
109163761
162936112
563178347
988460162
412114668
292916853
365234723
729666378
732975087
190393890
790062176
664493468
379495213
707678906
418254926
973211467
731761442
593609235
410357352
652521678
189787423
546309603
584385296
814284798
196796499
299599181
915585436
386296468
305534581
167515832
542651336
290789365
366954512
71156248
728598098
545263298
787297418
242905334
309625894
569831795
848080463
313520846
28981395
574295072
489403757
844107889
656738366
25930678
7697532
472938949
59998263
831253847
622506691
974657612
992149938
295989110
447508411
31936972
812754121
332152282
896075956
934458944
594933175
681145463
855985490
62258693
298483901
286726609
597887390
771491171
785055794
796255682
297678475
520674833
116835319
681171905
114258308
85090748
841260627
683545456
604467897
763597627
115903657
162757162
21737686
780212996
265266589
180060167
506028523
672634995
399482326
927318934
197115869
725726237
393318248
61198412
15498286
903038749
590207842
687465895
534310407
391400917
420349039
115263157
111134199
215781626
824207569
785253437
594036497
645708122
903845800
976373218
48537910
685242448
305747931
705001217
493743716
534198002
487693684
215217531
238278449
888093853
290177264
204484972
629119144
73082086
116485106
148748828
878696078
944059358
733596920
755441159
361550569
634489875
867231152
590181612
911120771
349313010
314870373
836189048
948301131
970625522
52350706
460668721
993061053
244665256
661923432
728468611
865065047
738915046
13444070
666357927
59315086
451888125
574882348
390880977
70848842
788604247
59109773
791984148
714962234
634574339
573618773
189959866
273078253
609294620
814187375
271778037
131468313
153685417
652620484
235725404
510606055
337398534
508518211
819710740
775860757
447617750
426052212
187745287
159550684
752958722
113301094
730112935
514555315
602840427
695855319
602836782
24526865
291053580
82930047
241388997
298880452
144877095
903329458
47108499
159211343
608279444
169549454
320797735
360738166
996883308
684548358
116832486
250907605
743609606
349949547
640370822
377221897
196074214
175747825
690915704
248262281
995196744
436165789
515318969
825377372
524540820
688797037
813125198
407473527
64142839
311874064
242559145
540694160
251544393
743466390
984747933
969412286
484006
551211244
99459358
919619820
643658276
193220437
86834795
987031582
406052635
40391926
69892735
182579205
10649611
158017664
183311672
472066843
250412470
848392602
984377088
631338424
806880952
992008792
180353858
765706544
175738270
461358839
730001907
446701418
65434553
534784699
906425256
70343924
446314715
441428833
426220066
28468682
381307316
320376966
668033251
777083940
863323423
821271922
165268756
816356605
265342002
464839880
430845328
546494764
884019840
564947386
407000586
705367068
73331669
208836281
297024265
967826103
544184456
854591554
788689470
398720323
458644413
285912838
103902061
848613409
322348659
358366545
669608302
122731409
899398977
802368408
629764995
88004609
54860647
144903227
675300793
232220301
495223407
367551371
528316715
857202400
120348590
737050646
414891159
821075982
133584929
629788426
540910700
747007088
887218413
165867814
257302758
314010325
536060360
610622106
749481575
269345558
231424682
697731602
292438972
61379207
36211097
23638200
165674705
807114784
349865972
891075803
887482142
504017376
776065375
202623055
122954306
924264434
923446769
81753120
905876181
615261976
238757314
418814097
803777958
480771217
993255798
164925249
359585331
923977083
77198571
681364335
68921524
764891107
672509731
482126986
213095423
68026198
537806289
819600941
65896697
603544709
544125644
383232833
672423279
494520735
336346070
362555857
960718651
855280865
319503318
71316914
380900651
300895075
690004510
248645404
805678928
155351509
446392104
521823065
52311764
85465702
133783727
235433197
604066150
941187715
856331721
633344708
110485813
16836586
272404659
882249573
669317950
73682197
912910237
989440284
188011159
729963333
876864499
468057612
919335794
979926547
676881182
747079302
18526610
572697127
283701336
531197469
576508446
331825334
214311870
865791324
223422359
683863067
489838616
