1000 1000
89296
95087
90129
4574
71720
45848
5273
6013
20847
43555
15607
90114
34591
43331
65197
6180
69398
21860
99938
22007
12381
16826
5718
7691
80364
14801
75215
51732
81619
67409
60651
42929
13557
79255
99289
6670
67075
83804
99224
51889
58624
84278
77546
71971
56873
75480
39878
98973
15553
7995
18691
74996
13764
59046
47233
57902
96001
32739
73530
64955
77114
39710
82755
17792
69381
74503
52923
99444
73120
86760
20141
95407
66629
52008
18117
98906
32440
66705
73046
20161
33640
91105
9548
67325
29799
86776
66578
36159
85365
96066
97296
66802
55683
77440
3547
32833
59581
60661
62982
68004
21281
77969
2455
95008
41366
88851
52100
834
60398
54174
80374
65161
38316
88078
32389
91097
56703
55332
34714
93609
11608
53583
37260
10290
84786
55012
52424
17365
56953
55735
21785
16749
23158
85157
98059
63306
9243
38380
88295
59342
79340
28062
98287
82241
45967
49059
35500
17641
87036
39480
64669
62377
9105
87281
46645
38966
46993
64708
49587
22902
12821
66260
90851
86498
77720
52478
55317
74149
64371
61781
41316
78239
19196
80063
48922
94810
25055
75557
62051
11114
26724
22271
94955
48190
733
24659
71463
70899
87973
24802
20738
28675
87696
55373
31116
43917
92061
11186
7069
55002
24385
82
33016
39242
324
37539
97715
4966
14278
36824
30939
84885
32309
55374
29178
5761
24162
32349
67566
53730
48011
5365
25602
25804
66118
51334
72414
30628
91616
78400
64421
18633
72984
3295
62005
48928
28061
54400
92811
80080
9886
4662
39291
18921
81895
3816
23332
24579
6302
98911
41141
23332
38412
25698
91453
4469
22122
19270
86693
97583
18677
53806
31302
81930
83335
20454
20173
4559
94236
61560
74756
7556
56170
61272
47147
53970
98794
99052
47773
59668
14408
52720
43098
70574
35827
39878
85557
68840
39637
31311
63039
82187
5618
25929
46215
22619
18180
33606
63906
15043
52176
34053
43034
2568
46867
88120
11525
36602
76745
8283
96736
41186
13486
81585
8854
30576
64238
89853
50596
52553
56241
63514
10616
12099
28992
75231
59843
36661
41677
86787
24419
73111
47421
50973
58305
19143
65970
12427
79489
74706
25050
15178
42936
12815
76026
41781
65468
78244
34759
9263
10923
35322
76801
45006
8184
31373
93044
19541
88542
96296
94452
77622
27397
7212
41929
1450
97035
86977
53883
13584
44779
755
43816
16205
95300
80864
71093
65641
14968
94716
64240
86578
60732
79485
33560
92773
83378
98204
76340
74490
3577
22049
39104
27850
4457
27031
22704
3499
43188
87552
53466
69750
9773
52710
52470
2277
90097
99598
69890
73582
26724
10296
35392
95668
5575
71535
67275
62282
99363
7498
99828
37361
32132
47153
52892
64979
57826
31336
29173
41415
57837
8298
18981
11400
84612
26771
17772
48703
2993
39144
58174
24961
99970
36086
85407
2649
47639
79555
97563
32128
72847
53734
35881
7824
44570
40236
19984
33370
1280
42600
60093
1254
66961
15911
66279
22276
14024
32983
40187
99205
60126
25463
66905
75597
24514
21343
85506
72531
99323
47273
87648
53887
25696
92081
23309
87105
80458
78703
22723
66015
38572
96064
68829
44787
1354
22443
32526
30319
87537
84210
25016
9948
34714
25194
79743
92147
16708
52213
2819
10437
76786
41090
81879
99673
99167
45173
62814
93882
4701
91254
77339
11328
37556
90850
65172
37649
65704
31469
85797
14035
63150
95018
45376
89873
80552
649
62980
42830
27809
45557
89540
72130
60010
19904
18124
22144
79258
58907
52060
68104
34896
60198
27227
56686
93269
41487
68651
97009
78839
19630
36990
822
71829
34284
4624
50969
6962
28863
17161
94541
4709
77582
71475
87328
47826
32241
95214
79157
48484
48009
26867
39731
70135
19316
7926
52658
85856
59584
31088
15889
53597
57351
66217
27795
3704
66806
85240
50780
22712
64482
13842
87196
65227
89302
46586
51110
57562
92996
910
84987
37165
81443
103
92824
28694
6324
26690
5709
95640
26958
31737
37782
64678
94029
13893
35831
92764
81737
20053
12920
95611
86567
73130
8243
6219
17964
8278
36487
94735
82267
58038
74643
75222
4379
2731
7687
72413
58528
60
262
3089
79286
81447
96010
36177
85916
22574
64240
21071
70323
68417
59215
68700
93954
59589
73821
43249
75834
28763
13
1485
14265
55300
23020
99108
69206
52321
82839
95206
30084
91920
42431
82114
52064
16229
71309
57770
13475
55516
68189
76344
20021
60499
2919
10961
93125
31404
54535
69624
36330
5678
69928
79747
51646
34651
59772
46162
42527
15542
93624
79963
2531
12642
66703
4704
58935
4582
27620
22004
37215
86996
67026
89401
77149
89405
91867
56899
59011
22232
51141
64685
20633
98
31385
38650
39749
2180
29787
1364
90930
94807
7032
79510
28259
19808
26892
67960
29884
56183
24645
17495
8328
22648
76068
20388
54
29820
30005
56359
23420
38928
31880
8308
81617
14542
62194
96130
85091
33324
3184
97898
58626
49044
20374
32229
62430
77888
469
98559
96912
62101
27984
99526
64296
98488
66328
12990
52997
78762
71920
81624
10619
60109
17514
62311
68635
28396
57478
22314
54256
98750
60654
36802
25714
91986
42924
48125
74598
4674
48890
62434
59916
22774
50206
65877
80035
61595
82140
8906
66340
56690
76876
56126
80974
83867
59255
70518
94100
9072
90856
42247
66408
38991
39932
41443
35903
2990
29749
47864
780
80683
87183
13965
70520
36698
87172
76282
78648
43720
15549
16234
18804
26479
13914
41437
64948
44466
31803
83935
13531
70435
40799
75213
73399
88995
4358
39608
15825
22593
41925
40611
70975
67833
81593
4521
20146
60392
85552
21547
33836
43431
48971
74182
5213
20603
23066
66260
97381
77589
59210
63967
55068
12515
21630
69554
24610
32056
33526
8562
47860
98615
57214
8558
4394
94284
67813
96300
24008
73936
72762
51155
20569
90769
1407
2180
74847
57066
67282
23303
94742
90135
49015
64515
51965
29051
59842
73264
77113
48350
63705
9629
26523
62221
72136
53634
53338
19859
32625
35323
56150
49797
88021
63266
59987
72883
13050
26005
43141
56999
98157
465
54306
22908
50191
6752
47213
62443
87260
9950
6598
14044
18221
51413
27286
65859
89664
25734
90686
98656
65712
98463
71337
49517
87521
89942
43251
49533
16478
27761
81076
57287
19154
96282
63614
91322
73220
25014
53868
28771
60717
1841
76588
82323
50294
30997
7159
91593
70448
68086
32634
5942
354
3498
3189
3435
550
9614
8155
3736
8816
9312
8687
4046
4664
7492
466
7619
2572
5149
2765
1094
3613
5170
9030
7089
2251
5666
3191
6481
3371
4022
5661
8996
2366
3014
2248
3312
4402
2606
3782
2770
3350
3894
3666
4016
3992
4373
8746
1289
608
6225
5141
7560
9826
5884
2605
3512
4301
7435
1128
7063
2342
8539
6560
5149
3191
960
691
1228
7423
6887
8110
7567
6465
5493
5904
4831
5935
4896
1651
2320
8011
746
6657
2737
5565
8629
9427
9482
5588
8777
3690
4577
2544
3041
364
8656
738
967
5578
6192
2339
9682
4795
6144
5182
1434
7863
1288
3469
495
3441
9580
2178
9971
8755
2554
7940
3747
9362
5722
878
1646
327
7347
5249
6811
226
7388
1572
754
2490
8139
4443
4795
290
5020
8961
7323
4384
4055
2737
3620
7776
5854
7658
4701
826
9935
832
6367
9075
7771
9030
6993
2287
5363
8332
1332
6227
976
5914
3914
2213
6217
2767
9132
1505
7267
4633
4084
5066
7501
2509
528
4011
2479
2088
4232
7599
3948
2208
5784
8651
2168
1860
4471
1895
8108
5122
9967
2266
2192
7095
3698
2595
7862
1030
2962
5011
4286
4397
5304
6062
4179
3935
3243
6021
2931
8418
3031
881
6310
3135
2286
3286
5706
5213
9436
4385
6294
7421
1074
5565
6878
4774
4101
169
8921
1880
8036
1564
7876
6309
3714
8503
9464
2284
8231
8407
6346
3034
7755
3745
2505
3364
7965
2085
3261
2298
605
1671
1736
7613
6853
8257
3803
7571
8467
9994
5975
4622
1450
1926
7680
3749
7106
6438
6313
5292
955
6510
1089
292
4787
4941
9500
8532
7040
6508
1022
3985
6447
345
8888
5182
9247
583
848
253
6094
4007
7716
6675
1674
4498
7549
3078
2189
2384
408
5453
755
1951
152
6523
598
7661
5146
4460
1839
1382
2691
604
6489
8130
2737
3410
2157
9140
4491
8865
8801
4432
2162
188
9807
5933
7563
2286
865
3511
1944
845
3253
9642
7754
5239
4957
1917
6311
7128
7779
9138
9399
4247
902
9094
3119
6812
5028
8608
5970
9351
5977
4577
1846
6783
640
4406
2959
349
328
5271
9679
1145
7152
9339
896
9682
4829
9573
3960
7994
6131
2006
4615
1111
8751
6831
1819
4857
4585
8219
4146
8056
562
4272
3327
7947
5705
4796
3756
7187
8726
1324
2040
5772
8685
5277
4083
2709
6517
6682
9060
8360
364
8776
9977
8155
6210
711
1055
2897
6929
6345
2663
4167
1511
9851
9489
8560
1302
2952
4863
7914
7389
9633
771
981
3111
9375
1840
8799
2347
5770
2324
7184
9229
9544
1381
7221
9598
7132
5403
8865
5016
542
7435
993
9241
3626
9112
139
5438
8569
4976
3443
5739
9072
5060
1552
8688
9040
1397
5056
7069
4918
8492
7758
9227
5707
1553
2170
8056
3305
551
7279
5267
8611
6735
7761
6072
9696
4545
3593
7703
7236
6280
594
9676
1195
953
3770
6599
4282
5226
5811
3956
9096
484
8883
5540
2017
3368
4529
8647
6521
8608
9495
5877
6461
3182
8209
5388
9016
7143
5068
2173
6776
365
6449
5043
7193
8205
5049
3006
7561
4832
1593
3801
8836
654
6637
8205
4703
121
4534
7045
1486
9323
3359
1576
7719
2983
3095
1708
9177
9274
3077
6736
3910
9862
5364
4550
2138
2293
2931
692
4117
1132
8660
2047
5884
9550
8053
8836
9817
4885
7498
3246
8542
3903
5548
1001
4355
8336
7774
555
8127
8780
4375
3901
3939
9411
2836
5825
1383
1377
5950
8449
9492
8665
452
5997
6648
7153
1171
3684
2203
9061
4520
8486
4009
3987
3576
2020
5301
5548
1290
4565
6926
7140
3720
6393
5424
8678
7892
4200
6965
7713
5284
8862
9964
9864
7267
7938
1289
9409
8369
7455
4699
1095
831
8470
1785
7987
6198
7646
2243
7318
7230
6899
4683
2426
5075
8007
8921
9458
1494
5706
3843
9569
1586
9520
1283
4388
4218
3348
5013
462
6136
2168
5256
5000
4778
6274
8614
8761
6862
648
4185
3824
6715
7530
7815
6725
6604
7942
4336
2631
8265
5308
3112
3783
5009
9418
9713
1750
6753
1819
5051
223
5667
3149
3058
2795
4875
1381
6478
275
1754
5013
986
5711
5959
5354
4826
8532
493
6763
5689
8966
5782
6840
2609
9548
103
7734
6998
3006
1328
4413
1838
4988
2418
9454
565
3070
1147
1324
6419
7283
4468
9016
9959
6144
2186
7119
3712
9960
7658
4128
7600
1928
1435
252
6950
1445
283
8139
4414
1116
6786
9089
4085
7017
9578
7199
8030
9816
7431
3615
8827
7830
5222
1559
5623
1704
2618
860
1774
1829
5361
7557
2625
9800
1334
3370
7547
7612
2497
2110
3331
6167
7050
3630
1124
9001
5850
4275
8577
1468
1145
162
6041
8723
8059
7848
7811
9146
1310
8600
9688
7358
805
6262
675
6161
4776
7567
7796
3340
4741
5377
2557
3056
8949
4010
3094
9523
7407
2527
1902
4444
5082
9490
466
1568
8436
3809
9054
9799
2852
7859
3573
3142
6535
7237
2888
3801
6338
2554
6193
8964
9721
9264
6784
6096
4247
8929
4629
5471
6631
9332
4819
9896
3665
3996
2211
5111
9184
4698
2852
189
5453
6573
7839
4278
8800
9564
3874
2133
4299
8445
6847
7175
8929
6785
3127
2690
9273
5285
6578
4102
5996
4723
1832
6433
6549
433
2694
4447
4926
2657
9090
8207
2062
1216
1300
7693
7712
884
5080
4944
9514
9165
9634
1962
761
4101
9836
8896
1055
5306
9534
4876
7319
3469
1378
1996
2319
1984
8327
3675
4346
3674
3461
9548
2772
5863
8567
5839
5050
3391
2142
9492
4779
2077
8179
4903
3077
9087
9273
8717
1978
9080
994
891
5019
6600
170
7727
8192
7064
451
3670
1246
5088
6814
853
8181
1244
1468
4976
1836
8597
502
4517
6586
1160
9785
8618
5725
6639
6711
908
7421
5681
2486
6286
5717
8303
5836
3645
5067
623
283
8252
913
5758
3090
5011
5795
2670
7406
9329
6078
9995
1178
