1000 409558172
654063998
852969499
869037740
297491432
596687982
885485989
971378352
166305165
383119802
696312500
225596823
537166016
59435692
716324031
814556913
697756624
470451329
103519135
450032685
30683950
37853917
608644884
23662616
596164270
415815223
902191298
683621307
128753622
546060498
682223960
674739183
866676413
583844731
796050311
360350644
998549342
669575516
957506939
711503510
750043104
726789406
200307432
458481722
706939074
549798130
491596568
287717740
720814
767401863
919372922
399007561
430124680
543259748
358885106
203297934
368667317
867956727
955192310
216037800
93212997
383759003
578692664
401402749
401445405
996567112
818825393
882054133
660910494
876731412
670192705
830149381
364557182
151133300
475425625
64543728
955675112
258914368
271655541
247259801
127526405
317998703
327581676
665377133
14446549
82293615
495985511
690887814
704588844
368182931
661182316
356853539
839611748
896690651
83124052
695541614
248774342
590852854
732291171
967418258
872086247
565074396
706568564
159544888
557194868
411085015
978086272
484480589
66995747
206284320
182946207
444704707
248381697
871081950
921126503
764273442
58806757
385049905
533961149
839817702
797063100
78741159
280674741
996790997
288516541
327642695
472141721
547011247
5598093
761946968
450393675
181141723
814653809
754541631
791975505
893524831
498492992
225120036
505870900
41034576
275922861
166605211
870070078
275810099
278220529
242033802
721932021
258286560
319183931
437536343
762267042
457063871
311749638
850335542
595487884
333225274
815259440
126164425
856046791
239996387
813432242
956786183
18049096
238254177
357177407
346109991
233816218
107573025
867423862
519025427
954430079
914451485
777830912
358894389
461000190
254155829
961442600
32535812
335706423
839088512
929095762
648347811
852311223
115577041
598513542
237376384
14201380
304794294
82085679
771395913
529183922
58919693
73010118
792445220
710632585
86893848
750913017
694098496
528884112
506290326
751267657
192359648
731558548
437780958
9251531
533176788
20383481
576776162
112968839
173967168
378711826
208099109
165419626
701460120
150859080
689402940
284662083
931644440
867999415
548900707
724844426
557734921
622171554
870465729
541538159
835403832
162963580
274880118
124634916
870038713
152606571
884173751
386641235
316318449
683033795
474466026
952503182
859349813
331266334
73693296
446354794
10366903
287490283
119675842
303620383
56297931
290393223
388833029
433078159
164529431
579844511
204228035
350523992
796220111
696380634
600502816
667069487
1204367
619707347
851168005
125410897
905296979
966669193
835867507
692889460
664296963
709209949
864276592
335262787
900811673
752759933
626890765
224560697
115234035
382665749
364383967
620615757
510448783
781097357
994851090
131645346
607297258
130199038
567560046
27193877
265532899
647811381
925830012
887380080
353464395
637271958
43127698
385026244
779260573
161077003
843493754
640658417
216621025
378972857
783570584
692039
222649166
259246170
828739580
242670212
287120940
257711692
928525869
716437039
220185220
725078312
344849577
832951951
15394469
857366965
685958543
702939047
112772666
127039835
473626177
968167569
51341246
157233864
192222135
195497548
188881849
441961402
381139624
216999170
982218898
897133039
985752080
979411008
224611658
342284166
281413323
754796537
522359842
735823707
674126170
300150474
329923397
341672412
513847745
848905874
534997088
231975444
98657262
238129005
593346097
357667549
242197549
234563082
415005008
469809614
916231139
484991802
747786855
922324121
856665587
226628503
476725816
450132015
984653694
924038477
894934314
367343145
726043752
28044005
693079667
540925423
570541784
164856337
241133581
595583605
480409313
508859872
424842758
850376998
509673734
949074691
415215978
793864305
940266077
917627728
574210334
89879415
11692878
323367542
369982677
232523174
175167906
782118120
430965044
439291682
28490322
504541012
712283763
955901180
963332601
767155613
886300680
314412566
400265960
321426140
800565115
765604878
793129835
824478296
472409230
564895898
4619579
420714709
436793870
949243375
254729113
500464896
152448113
224385641
590066779
309677660
27153912
762148498
559533452
750210350
529026234
204366439
403347273
367339495
837307096
992308678
569048073
514993082
659262065
599690026
305958945
774216771
817059315
27367369
627751543
166911784
735487712
338128108
890669230
729045998
918048041
825618234
39713448
366999950
271699612
269944839
410494990
342114856
387372492
592944366
658913752
208328906
585874093
853151740
682883419
813628493
47424280
572119079
775898145
818288092
989765828
941687466
322873057
610505066
887711068
968959255
854493557
466503447
619799024
471243746
954461387
494651079
540783760
453740786
533891481
471689214
367130429
69906429
949801761
265716932
868378771
585629243
978674929
867338793
644055111
181390804
222075369
482751157
874866877
561221954
577770099
658974301
195813436
469610849
528847562
856067631
534797901
212035105
986154420
278755858
515462651
13264092
569075297
906047386
330036061
995567650
705029710
506748204
244494336
936396471
846388019
479663198
216942853
711406941
823938850
165040721
456414185
595440207
277707262
846054307
378026926
945804875
934019753
166682177
804840788
937508456
926369562
861504143
712657879
656855573
498851842
924088669
388427762
70378780
70404502
664348224
527372024
485484598
995352110
325103567
647770213
221294147
136540154
528481064
273955043
94313476
726816600
504923830
350155824
231337366
881924019
184251957
462296925
966828883
743806240
216176975
276330294
836223105
344644672
667718079
50210452
120227792
321755091
690961103
281121332
613284616
636963164
355753770
120324812
445491270
211033347
707080829
984045020
278063651
268944963
611459650
638261590
824505624
495844134
479895931
709722365
104881844
911386533
345998182
86659266
347120189
16330495
911640600
480484250
912321990
226617731
690202303
861197972
560723492
664254022
352545272
872189698
677753587
968155873
228307536
669635902
940124171
706297636
589254980
885142765
336914812
356201581
349498849
209354843
940808298
162388143
861612082
658708750
171121759
495222074
670342623
756429866
893004819
79346261
540848238
638163791
194168939
239726552
153382142
428615589
216896593
203881388
737340118
686851789
727350863
688349038
316376977
21727320
249906255
887959375
495638535
501484742
454108982
595886692
338107823
252610434
52997872
302738398
663068515
94132476
217740336
336682407
827227415
376157636
791126820
101213398
673450217
281466260
961026122
638320736
462582680
747395037
396356125
929266767
942145221
872741194
828281664
993849719
315279086
731157630
768631480
818730837
339279256
187486567
805554054
517054344
48645466
530030928
646268144
67224958
502036403
574130693
240184645
794044810
382361314
717569422
601759844
538599777
690170600
648404943
459291784
276953608
954614099
450836094
133037064
300889567
542628706
921283545
751384266
966155430
796125426
46446744
358770735
286992070
381048893
621532370
472086131
621655771
301114802
134609607
145421242
787788441
312037529
482451615
71601821
603607859
478238937
474148267
875386461
631821229
92502036
429025268
511672984
770554190
364515591
844890196
906459406
361516714
269666394
807185893
74201109
288618899
185351232
128352936
874064748
490649168
107654253
105609978
812889416
658847533
220722239
323825523
523905823
734047940
157510439
656254780
651771663
848216764
568678913
130968457
97819598
617515508
978925565
27242228
555865888
403764963
826658905
549178933
27952429
504925695
971476208
114317004
264347878
931571595
735315256
363100393
695002411
221435907
635119117
446022994
68176583
699010170
522541670
487317803
747965002
812377731
3018501
462685296
659040542
306482370
766776709
461128528
144865869
96872749
427985100
401102058
153830042
458964668
91758046
519664179
794402932
566758051
829274252
955687146
885874649
624407665
154758081
980456211
368223590
771450821
798872600
672125397
972909600
607520705
538056687
294874562
446771000
933213098
491430204
279229999
718924841
313645633
971813382
64154130
207761441
876194369
59469752
346291529
597415861
283326662
896212854
253748935
38094468
174524466
469853937
889188161
590951007
457453933
91596605
194326176
19501554
158473674
217440505
713362015
90655089
527870844
260480893
332454339
575111750
56552420
128652000
16375526
990144616
301357106
187907127
242207241
774777559
986749343
53993857
764836116
158759086
255880949
231547604
452366928
359004680
121233636
796790750
739787841
764279935
668324271
997971710
727986954
337179185
392231783
379946877
237700739
636193223
723385743
580236741
384502210
829165534
47098714
199057045
708715004
104863396
42358721
704764044
872516410
904202807
604991870
370857020
376266018
523764061
707143004
451875356
915136356
643080427
702474948
518441148
476066407
283867513
981167068
627137781
118138599
546738935
433404158
675862325
619251283
429213863
87168093
37032732
761744859
731369894
600708857
225225297
400601131
738989053
729746490
174425937
229603457
604866392
895402225
821103510
687617458
805702018
911655799
19390763
852040733
856339495
870255317
61098741
584362368
872119536
441811200
103231644
703869431
252392524
986813771
848666115
490481536
815853612
312223830
426011456
376744828
969772854
222554024
355624573
991442222
585569412
641726446
326534757
839899415
751673415
564102648
56277644
275579880
203632343
521783209
12502898
719705427
662209822
522412897
219707164
711590760
147069714
329485045
42332851
212324144
943705058
687714310
242706192
820038708
482995038
136039955
19885464
999526866
840612142
249663950
865001392
264651904
730159287
43648048
750930328
660694987
949338647
272625238
658423016
770203939
994216574
584909126
815532771
318005864
215254615
229371160
327036036
20264282
546602038
844738964
532495325
152996721
70668060
460182916
864330229
725043921
974424669
850923546
79836345
539782926
283171092
965456154
890151704
