1000 283884508
465937625
372755031
76386926
633871754
11604676
67658324
547660676
523831913
890999739
611732500
5319281
262821913
671124366
816982361
573796626
311232650
904235562
411153035
361821820
51669620
334563452
780627058
874894236
182965560
344853614
508116125
937634953
208490737
552795439
937978743
881808618
675563140
856241920
694162205
529959519
578910318
403525937
663740770
980645670
937500430
595577908
1507630
915838932
84545416
61546697
396017679
937707366
160817302
775406746
122594933
962489205
721966334
819787845
658376342
988563666
993686363
930585002
208258832
209514981
745999972
196285669
446818895
140898144
987465284
521908717
737184932
608031224
685143929
514942864
213291352
806630580
818421339
244121645
407369966
309857171
454406946
42843016
329734375
310945048
704571876
713698423
346463006
498648645
636943760
833091191
298295016
643585306
401916231
885783866
218482547
295469408
956126999
465420298
208762417
22962455
405563694
715388176
868548830
812544077
821264863
635384693
618293708
892617914
658263677
965076836
705711865
941629190
803254728
103421496
598484245
201726439
403751218
362596978
693511098
464161040
169952369
580942994
362550716
562190128
246652475
129753665
201197418
483236531
395709386
336521173
788429559
152271153
442638247
459181730
436352676
983124356
537253867
369725305
905350322
403925246
44426241
794295943
722331315
508361919
749030770
976967695
727603166
571205112
714508931
888826027
555264422
16207210
511917903
349085225
271441840
242814583
285848689
637298178
912800729
396609590
430655594
323283880
683157669
196198110
869778599
684927625
694223727
919845098
153282676
957115470
332784684
805012962
592956210
652452331
281011726
15375105
459689207
517657169
485388323
20302603
499421418
481046467
358503032
593800529
280459996
710695994
498127724
895921950
988971434
347582736
29066723
862166720
791363175
500600210
932812498
346343827
307727314
570317508
956174242
566310755
577751723
183421770
790596651
69432246
469911501
804444393
77507816
542940945
384422918
567699066
276438596
748044724
711034009
240039274
224096197
143685594
671645180
175987778
182602995
92336459
386586257
992578508
433174746
401951016
4290741
175092867
271992760
707860896
627688100
804532424
615550416
997628139
383540829
686777275
17549417
986318965
254243440
965012966
42859638
174681829
433804597
489243949
231521167
861544345
324318531
573498655
112028294
352713405
500542307
365896805
133864746
932116829
936092458
553790353
821649009
901830749
519534763
239598261
494951304
902199818
216960155
149470829
976812692
476290120
514249371
413036185
325196192
73071724
878031052
915194200
600448848
724455230
23528996
557742564
968615519
277034835
182512594
81448234
687435279
460894991
220931452
909883929
646788151
93762951
242844040
932793042
958345682
383254201
232112110
979571136
48024071
706074167
277825926
933497241
624757012
273464233
109439258
95238786
109744897
600045025
823410292
596281519
783032999
754920882
367711841
718467707
159622855
337293858
6242632
137382959
770807864
343084809
4022395
933729781
439453309
661777548
897656689
231237480
326143967
785912555
33688466
492055889
568905377
388396892
101057411
34388285
49819239
805813568
137712190
743519459
920689529
607163757
206054094
176400353
94262490
834382231
715439645
36915786
208286013
698649114
971943964
191263791
176289484
790081944
445711515
699325400
354044633
653143676
126289257
769971403
696693659
61456900
517150139
530659912
588800947
247202478
879864300
285590501
471451236
101169259
982549250
410268729
592557615
651224740
177396659
565261809
877814497
169616196
568480489
134107279
807820973
357255566
847246933
839168433
704594434
978780926
239067773
950460968
944473884
353231878
638458415
937791557
561840890
486818643
508322697
603656208
421179232
952228279
489820223
56672763
841418951
326088665
470514311
748866770
205815956
183728632
477195744
258999757
493253599
203540876
577963664
282829163
578225439
311756094
242332743
280856668
124284307
679972928
740670024
176945749
798309965
859441223
103948469
156504149
132428086
610116757
72644876
428069227
343371337
450020794
518166662
961566061
714722575
352647897
318965336
72435954
85527922
343274267
484052605
229153580
687580780
932736839
918116502
516322151
671070551
624418149
360874222
377885068
522640935
123717908
891735373
862023894
786745917
388693325
666637343
67563855
691438037
51747164
759279320
671954909
252645160
874519478
238865326
732699354
595750320
695216309
279226549
220395951
903126305
196478420
692665209
643186472
159000336
481470963
116767461
454669579
508149006
409138386
697462747
287104315
644375785
875695225
870145030
525634966
520799590
316518468
563922610
635863200
909294857
235252808
500453306
366295838
653379710
363267279
598823418
521414144
634816398
433211098
554060610
250752250
586076683
446803518
94163711
211224824
479223457
34539718
121501304
915750861
820046566
827225401
406939378
155499037
578878604
708369331
954137160
549239692
352253485
639233033
680465868
441009279
923044020
322655914
196949716
940454926
604247834
432393420
271054336
696143759
32806202
476519605
593676059
95913593
1707323
3905881
820333018
335610062
850018535
432633181
84036574
304682648
941802881
545801192
289617103
761977793
228751559
976500135
122033479
294898599
349188055
55259555
565282987
489689472
352013395
921890463
476371350
244775444
98387597
285141700
718474789
659126222
297320261
446583671
448848409
391619353
706597730
130394502
640376118
650913885
932419278
490896806
271662868
168434559
883226334
217837965
836471938
85425307
110590197
193715434
614450410
666899045
406973556
296638013
966919265
233361926
426857965
359194472
975682126
949590791
704722040
378817581
63066908
125445396
562099706
536405668
199554259
510829008
654473622
644944975
36247816
399545842
161827026
775192246
651189825
483981865
172958709
613410195
543817869
105450627
123837160
159687953
79579697
923711475
214169767
802392744
718442638
973322959
380118644
497620182
829512650
663506067
570341353
910402857
430998032
835589409
929688280
732015310
313877500
156179350
43088641
680069880
562023231
945037345
835045138
68048864
823756022
496513032
362546478
866811564
584676850
647108491
416647442
28011364
353901466
166393355
317093410
265259646
723889341
992179381
335870591
44846851
529128434
633304857
920396003
950517156
888980399
417087410
963630158
65639251
597469626
962712763
321173704
505729183
811786659
197888607
742722690
720691931
654166578
425795707
904376985
537086955
709690152
666393153
654415135
982153193
456257659
638556676
345054657
448222809
453473135
77120262
906060436
718106293
617180435
917202595
435110771
132305920
294572823
585520021
158989932
92523644
905317283
990178834
536125758
853493613
704647355
745011672
64317526
374424492
614409286
62871554
405414926
876479902
824713455
485704781
92391758
232542692
632900717
176554916
328733508
156116034
658568145
316560846
803174109
508421168
331286836
336879152
996912019
334201042
655374206
880978987
187023786
633369540
253354844
695832485
550644944
64436710
447508657
336790605
34020752
968522216
82685798
550191610
187650842
26723902
576793806
625988846
113681905
311052833
360400631
925840840
128490311
525709521
232629692
863133355
960776297
240569389
75887213
260996017
154403773
283264621
704265201
398612332
942207112
641389533
756683657
961377588
119569177
662400643
71318209
674884723
651467947
438341975
349388549
578249758
390653185
976191339
294094383
142303412
811572088
363522532
548495848
249899149
457881827
349600478
469540655
494065756
853208119
314007304
25637550
983549859
897893459
222900038
855917548
776632380
354340592
834139458
228343665
861649794
322891999
436286415
624030502
179427842
318783117
871603855
599479239
759175484
993588628
19188907
267547715
239113841
615825060
136666147
626036452
410757902
387001907
302788200
279679420
875249576
977514774
126281207
268295931
471460198
536573798
801622028
795243440
430537500
749559400
530484959
14352810
263346455
581843203
327811397
224443375
906500206
545130284
486849491
146104868
541361937
881134979
928382559
284820309
919309266
328978603
976933585
543655868
959546999
173935253
203281981
381460785
729156519
855512065
382572592
123660543
255887115
807544813
438070095
563290621
784293403
777195542
722857408
87305488
534131859
379882133
683569634
910431232
769558882
615472355
852719280
423578955
557950388
728634404
867385527
195843713
546963451
917814595
396902909
792633663
669587325
904673819
136724226
260651293
123820884
820706685
753397860
372590294
596090142
769769902
670453705
158985471
44849673
218516130
836797529
254855159
51589579
169486716
414558704
471842928
388973358
315175556
218307198
743875736
14739182
900726052
399500551
119447128
920518217
945275987
333649098
276206424
144572403
61174451
948167777
329213169
90058177
126484506
86748175
755261710
6980197
361825113
52966841
528136723
412916130
895128267
72757309
152264253
252344872
457058875
990726574
71209937
639440511
724211679
598845950
886521540
693251745
536814734
976601511
61831840
532038170
261359582
619948893
505953537
372378957
966261610
389727973
658942005
270620201
783703231
669742471
641457593
413103178
823877125
124465505
979404367
977368568
17611949
733827795
587366506
945405969
967629978
855431480
599129458
759857917
649389508
142808891
733383352
586178155
49312788
10480295
982814261
414391271
312099559
167231691
542191238
159241909
262148548
969687852
580102158
54509962
110863897
17667166
539487537
801221990
616255297
829569127
655412971
708472702
376760875
470398443
863910256
853748468
979814429
225428751
74472058
239001560
338475105
365133037
674868892
456098042
432609677
972406244
101506516
487411516
444172650
871088879
416595281
125277783
686798959
165903548
216817529
539837923
606130869
374427601
923051782
132658335
616583061
854523388
985516938
722077284
940044673
544144111
680048211
145775583
496389335
781060775
854699903
