1000 663971633
843136606
864967623
664818779
625963368
817970505
135776300
213424147
487016342
726674284
753136323
549935402
195391000
575161705
455706783
147632234
346626633
378407026
880180373
947872344
484675498
164395334
289983178
931808783
3001142
717153474
98600497
860424904
721214556
230219670
998601143
863012750
459209830
477173797
799168315
399085838
151623008
18921132
544623693
503979312
846615454
853728854
720733224
432428197
919114129
212042094
146770141
416096583
647717806
529486145
969510811
692291228
697517334
178046957
378417429
247182140
85577077
206721507
769418550
371168003
26870230
27890324
891758693
215044211
753280926
172910206
909335111
906288266
866670090
72151097
498616024
873379129
52505826
87137017
936638952
368857003
320728324
996082652
954411745
128452592
884128159
606048078
204553590
662789400
893490213
619742720
656276618
346569419
849564281
857913470
343697529
762911416
155320730
930013289
680185156
372271383
749846481
442285058
38942145
235838258
823253458
273601720
229720868
724197274
741735822
474793029
154047961
398794120
887445733
579633770
343693094
665914728
148970383
160255191
589079680
756306903
777910031
673226839
91977355
349674600
875033869
122605562
29526322
120124730
464607287
937637537
271959778
307118775
259292767
622305224
493113459
805628793
53340103
293966608
328164553
863760063
293747742
111650810
700091163
647003350
395552823
36181145
475834183
389928221
528696807
914987401
783552501
413983919
715995581
818529440
722991609
761764980
395767966
152729493
342160078
564261369
173988886
912438502
130727252
318977437
739049325
492497792
671602627
626264052
323076705
505050441
560831298
860230782
96085932
432006848
551307089
159543571
887934623
931895756
982492131
279299
388424454
53465289
836784653
96966408
486331920
328015394
839740154
356342353
539983777
51241214
796667298
578106530
815993657
3812713
309702421
850852620
193363067
722536719
33140835
915718271
195753498
596791835
273936252
547196130
142753897
645718005
582332665
568942255
464317465
444940912
556710724
548347956
786723813
277327274
752900664
340767351
981046874
227641139
347322050
278381259
649168904
768550325
236657242
752548447
594167417
876791753
764750090
496922151
430895877
844181672
312762621
533091284
494342807
822721224
334169899
233209443
777848318
708856093
220453813
260275848
427242030
715068791
484809892
835467422
369739281
756835004
680306679
264738639
169390021
462432804
534828735
761580512
716380840
629775133
836434815
161947307
489355975
141879208
612031224
555938571
96216263
182541856
659045312
474121662
30257238
441174990
324949871
322287770
515664282
197090134
287764019
668499741
760242819
178313550
909897652
878084643
377865685
410376212
234708394
127520416
594207852
76304198
342852971
735579498
127442859
744397815
660268901
290147320
502930781
615689233
566691339
478499654
779293105
249629735
996599677
592809412
901362990
650861396
394809850
417885044
702793860
680384540
288312118
583038549
286318837
799184166
51773057
946580808
614750572
963671929
272086448
342817730
525703285
952585003
860191960
403084070
601985705
736300283
581195749
332947345
306689241
645075079
601037833
438205776
837250217
60642160
665142636
477202054
847041970
228417584
19701743
489300773
508748553
803897854
41204137
426498334
365529045
949094189
403497477
51742104
491497380
770540447
857150022
786819118
826247273
705084956
125099737
50484527
254481792
23675958
584052466
316875480
373692197
103068010
186277266
207498840
234208133
393861024
601425159
546628166
502284655
793603482
374477469
385609612
507714479
824919261
569285476
27615016
89718856
807370211
335370139
972273087
35185924
583729563
380977
407999996
427077651
273958528
186885625
426744823
277480984
455834844
357913608
913622940
436130199
411615998
697888239
255675766
30411021
244747343
916510803
186489328
348783805
295554790
719790028
759654921
624365439
95824427
627085476
240191479
25102091
576605570
484088024
968307417
959251885
729164894
867540355
119134253
729388118
315879050
335182241
861887769
464168436
715965834
746608417
362686871
741484808
858615225
866568329
456490098
998449686
647488046
752873104
788122597
532580189
750826279
532607065
449682
166996004
595740105
871607645
835643362
708640837
614449123
679600177
112991469
4272428
800121865
830480506
589082686
751612218
915668023
463292018
32488557
441796630
992681313
458505913
841860287
584147447
167113524
678855368
210145739
141471732
38522438
189029903
285717390
898080198
15652568
748095272
398095047
586367267
892606141
925474318
578237961
341827822
414818544
131174990
287937317
339825619
401213052
882280601
270137704
960928938
891860636
958744826
127421657
746924214
195905039
375038258
553579807
32114372
69785556
665291871
812251517
302383198
339350991
531899239
676971277
619601920
611275396
730677745
250042715
464598433
644196358
275099804
875912181
222808451
836586311
779721327
835843364
102685750
370888619
801163887
435225008
861706336
301457804
461591336
851718440
911958042
998164626
470430898
889002260
859066978
75729541
128987054
687699366
629838515
356355329
917661788
745005902
874478596
82988950
870848316
470477531
149758673
312924339
131267178
449663138
801659194
523880373
652696021
4192904
866878839
748280030
414398002
519870084
758531512
891703032
805995533
907527675
724950984
990307637
711324133
713079714
910752487
242634898
158996348
452612087
947921250
875759288
17175892
176562055
612124038
660365062
249176722
513401908
801991441
639416318
330317776
262562440
413773655
305321510
664458856
156325571
259949264
783457351
138572855
695191838
205225251
668064716
264769895
363571405
178214683
3633099
732411217
813076267
317549869
177024378
170702251
234810391
668596674
323914042
671301162
333536941
731499872
264535043
594515255
22718746
294301138
245577958
440703282
45244545
931451696
583207580
493034615
65138995
214738225
759236081
235822534
498884188
397261285
353565850
191192989
969504509
445226342
821484937
858197037
955548498
559879843
696892331
428543308
904243917
135025662
474970839
191892028
618819415
916531557
604281493
499553021
622496874
860556870
975774146
888828455
258217271
977079589
867342618
356746187
694242852
651325850
410663832
275699576
173689575
63939985
655232349
266539793
733497185
476332230
147532604
552734494
595478195
49126053
213616514
855967203
544239932
366082752
1453156
665864286
743879125
691885741
846257970
936769617
428508592
583049445
856931007
979719299
501163546
651898032
614139370
103807383
792484295
200708836
551144833
951789252
12230782
756357129
991925610
124276912
60401091
147394416
557537573
264481870
811991306
115115336
683821033
445232606
855653380
428335590
356735145
255266237
620510577
750803717
43654730
785913931
390211246
126712071
367366082
114154117
519321741
329769862
928001383
666617716
936785718
671596986
129047343
107657969
867380549
426494146
979914601
841482691
828406843
593541407
374398228
376871901
17239441
426441741
516424947
667208401
527181615
698637533
929899889
785926878
600570227
673017323
492928341
993668722
450913779
435988202
753319973
74944105
294451184
883164531
432167121
427978422
376691459
2782076
429358027
243024365
757721319
341319598
564921848
510935201
607472113
548243328
135031171
925140367
477136159
145388068
604238488
855910929
15770606
244870867
120052088
35590283
390884052
606019819
689850778
778994563
236446072
744849540
765444645
212087640
893638635
276608476
929840486
443611262
579106842
266956140
645048951
384624343
829467714
777233756
594073684
455037916
455173063
487618207
1408721
909685843
761040881
20850518
878972667
245159174
278312751
668474055
379901970
119511311
364261963
314821945
763620913
71971827
424503688
599447712
679222338
6027074
640143850
846956955
509168135
136019537
556924946
714854769
209396751
190498750
960585295
931942220
719303668
173963641
498491574
978309654
420738020
79386177
196228876
372722277
755367023
582581139
332016343
677710959
970102662
455119215
679060722
168777384
876101868
771042114
798512495
377866572
427018476
860855042
936909312
888225321
850614915
366122155
191668171
801900470
329726771
68154534
821952958
647740798
344485401
964057426
942599246
499864696
124709405
721942884
250613949
121807650
268181158
851576337
207702985
801638647
605464340
88700047
558423658
430898203
709922524
486499674
112202937
820005170
376697659
615992412
841136905
741540682
989233889
148956879
980314642
929874019
572429878
170047210
419212024
318750517
748150731
900793650
697039201
849554381
404324083
913814109
328957746
651651579
66514726
78300223
436894693
506535395
988751401
440000058
849241854
947501208
453270940
144345493
491069423
531561598
44287772
602139760
230194861
412222635
95750099
182084247
436288721
385125256
243752484
396609075
589927479
376736631
228789997
156712187
430561833
566011375
779419154
316354650
782818454
11602118
568365820
86370181
28565890
584567027
178611443
245859781
219377566
288040419
569771280
278721503
260299928
201855047
765926001
79235033
274325097
754816322
116165376
93346360
442126052
819260781
201877811
216413258
554971890
785853829
566136169
105940986
59504766
884678247
642312997
829928097
867286697
128950037
87388282
537348763
613435849
86983277
564215796
427415139
630335020
311834611
636289606
82820156
319324921
344315277
104091168
465572697
298144099
431515557
654362412
481319204
511692586
31315579
207250429
270293842
847886907
253026880
568011087
108174842
349574918
217041301
40376648
803111897
504130952
777556582
334757343
891896688
134363047
808155788
115971413
568398176
817178611
858555117
369763565
399392795
365723630
582446022
490163572
982916224
822669472
182753616
762054306
777629509
20344305
37401503
748150851
620478040
777166487
872861445
422490884
795260851
234586348
508026820
474761359
703345715
861768252
710411686
342124299
923747486
560256136
292354568
808141109
473578477
236230351
9439005
904161011
454663839
283791853
184534493
