1000 373088900
723818580
92049133
802955248
268458468
305202501
79270701
865296387
865338830
471663666
862664825
505385498
616736216
191223260
954460318
944249306
900914378
435221048
257316915
384433222
604571370
885376577
484518593
89868253
776047947
357896655
83257472
911489077
129907160
797952472
831291245
174340318
929486593
265828246
202553570
627651493
289668201
162898319
780668959
120276948
101054886
528027647
470611405
994872044
267420745
176475629
960493639
31406968
864491686
50099371
966795113
472904524
668852746
257558636
890987236
105559794
223197832
452370932
254895334
797639716
389711182
15575401
292914706
523981573
61260512
538859309
895550707
336272238
222292993
813388967
44932209
536049333
366542753
248032273
757454514
944804889
302704387
214287574
231508287
86887007
614895259
720124333
312960045
310247474
954117494
143018206
927297497
341004015
762762560
772152875
497665907
45170802
802056067
571995518
372192634
2410915
88427155
161621929
697967849
421965722
922404358
122791436
604647819
640974704
805419416
91693685
227873379
261911897
801747449
8242847
201427100
276211727
956114716
589654704
614433524
284869188
571839136
354821061
357414495
327903651
877594023
397661254
818818299
578949297
226279058
135020938
426805779
725567105
385534014
691373553
292978138
868629970
266029525
84114337
208131013
663133795
857974515
304525078
463320786
355509872
644583910
788863621
279703253
979397347
567791301
246403135
425834515
835977396
439055558
764460022
421448592
244756915
898608755
489135580
499514032
468908115
624516630
830793359
463727032
411634122
255106281
806566225
854144165
22546175
666050758
350014791
880776317
734551941
724392782
404182175
908797270
366117907
292144363
712197111
759107512
92621210
44944327
204563460
853501880
134567124
125999998
198932296
398505860
538616905
366711345
595800159
512966321
408079927
792319715
233410210
247316888
314886446
943359431
792834948
741954735
536869075
923171864
985117295
854915520
994976961
389194431
478360098
25611733
829426060
28832472
227314805
739266107
971461305
907610896
260186223
63069776
591558949
749330607
71066137
571580532
351002158
452271780
719484068
920537525
310550300
622263406
952846421
624030702
378839864
658376913
603224678
861987628
772445825
415519468
480380587
665943058
259183076
6290745
867283796
509435751
408032136
371176073
66568145
740934824
288995150
921183793
173617612
785788036
469970564
375046493
881782389
24183356
774930427
506325588
609338252
382555043
973024533
936274163
809514233
429150368
516248983
733467257
624229428
284463053
762397318
475985592
764986729
942382674
181672241
161212983
270697423
973799271
861560886
354709930
231694519
198260108
729756306
764158179
402735496
24993021
95602010
889999492
170879747
492173645
914680739
762274253
968431527
777435180
168577084
134074805
371311074
816950944
640288852
83230097
649594654
201999021
946707739
853272131
32555156
96623114
113979301
389256148
341212359
520107815
234614582
221205249
295831454
271111284
496237324
181227038
692781591
158357162
354112064
87496772
489112373
969681562
670964704
940402799
577329257
866509613
480636388
907464491
168078709
84519608
688508287
151769268
881189395
281977747
817878693
707456232
205410938
839286219
764025930
177509767
677845422
875029504
2866619
907547693
982801086
115719420
571805968
368217649
960376586
363001977
904009120
268951105
626752822
577614441
102288695
161723535
926158082
229278017
356824290
555368505
974867695
375610977
192969112
439717537
771229817
615304721
938015786
341364880
629071630
638057520
988613030
716940971
716011169
732497289
608953720
539511630
237197737
201047347
151588214
761526451
467758632
619152090
764278413
970117081
386024910
878439617
298133683
40317995
808432880
885200885
245804757
983831798
176600180
893053471
587544805
512135168
775302244
952591063
869799072
968578911
611835239
894595786
461044871
787614266
605446090
972567365
898740
845433542
433212972
223513223
657724114
75169463
916497658
457146553
326610148
196617923
58487286
288532865
976145566
683686682
552714791
802889317
460428760
757338130
874287295
520933250
87352986
749303496
888479734
522195203
975965703
693963510
810244292
696684640
646076294
640508864
837401288
819037642
972121783
835858084
154803770
254157481
703443324
838380815
913228688
733357203
389373333
935169591
919793699
214819692
871938207
867367354
619324660
382559574
664272709
111940251
333826781
674003640
343383625
555901759
525364081
596646141
816534593
882976101
802325634
284145320
671999926
716519855
824947487
155187449
681009731
356234296
328769941
31153970
104400952
57024662
773756176
618252116
820552669
342987396
673902544
459766337
185490487
770308951
777965509
949684039
656558420
486391970
702280708
945705495
634583942
666639784
627830514
204353925
931338574
883782336
445224817
723528664
559095179
107948634
53770332
360584667
413149156
873960416
627931214
535091310
861034273
859514479
611151495
783746468
323383502
562229910
96872477
360040968
576659384
944977475
462177697
393505772
494981230
2607425
113073523
908844077
666386022
183751558
389649802
498455053
527064251
70023818
922033249
623477884
683057548
6532416
195225821
68285824
415709898
332471162
365898924
522991400
407973647
557841792
763070407
197460401
474036285
972248445
737742290
561244700
597574913
123769781
199485761
872342577
754257782
163163092
189960640
647958399
62657100
914604009
623340507
766518497
924999958
63685594
826487884
381765130
988220885
309769037
338143614
189773939
981626293
485212716
504299523
309392307
234382996
874854869
441114216
356576839
881219843
720869572
20871669
460977118
398045341
263600761
580246827
79264630
3980188
97870537
103534987
682962051
511385719
23906056
602706687
85947992
876063206
977005048
984295403
580114272
834260846
550105547
570840164
446548638
166048874
369281408
571140690
317731324
909846328
99635281
135872328
693055576
95156769
16638490
401021213
734695122
202010769
289026843
623049698
826725020
553047021
575479779
966050479
46305753
996547914
750338059
857721590
125422589
630831465
776690794
368119020
950695997
16202628
779237954
198182930
704906700
751027033
749060948
70817181
863207798
623598850
733798143
741973729
865739394
804318602
61311138
943465338
380264194
796060414
649689457
146064363
224261308
588810385
219941554
195849391
548745764
626341567
902269814
808305094
994094083
711503196
609621786
499697529
127054827
320456646
577556531
108606105
873654519
714395121
643837208
80191571
533383725
979483984
977493759
386894621
307511660
377109382
607711644
19635133
874998039
243248403
127168357
615229193
823069846
991401127
927988542
432305810
361845547
85324461
233908887
678569534
375388229
337495201
740475765
461301122
743932034
801459138
241168117
751601036
415176606
672383377
282200347
423928791
974064215
175583335
837643851
439003098
133342401
493853837
83374575
257568515
572017913
787038756
503123310
915156847
624638883
497624423
180376640
560449968
450833224
370305884
11136250
254802396
571751621
753520914
182877899
195995977
435085961
89716198
716737369
87665774
75152863
496645480
461699427
7675236
479572030
114664713
526623797
717143377
361719678
531597495
564966723
457903357
673387004
91763738
722886087
337986607
500878712
334521796
259762501
478812774
301200248
831485461
790849851
520903017
844136064
491913119
456693809
251670665
858268038
899370788
828687470
948486079
179503264
626876608
276121370
245108319
401520619
96008392
66489624
494003619
81766057
794637255
338863907
919535843
278621476
457835399
683977968
58946566
317392742
199732247
728232817
287896895
97650147
851278204
788275694
446582281
240031362
91894385
928663227
789463626
36914469
232031672
496858918
54498560
430267222
660341382
193820628
617635522
931030237
869426137
278742911
933566310
998212798
100152276
514375161
815663516
757919049
585996126
913386210
593529058
187553230
770924372
172479530
146679788
666308542
932307463
759826096
811482462
249262443
524058147
490055481
118292812
41289590
483169706
443080203
70000698
620086598
251625795
977637346
152527245
187777891
231711712
512104258
673741696
726660776
435852585
639607924
644274856
827109044
585737107
221849766
532068945
405142158
502966359
988692490
984050115
931786567
515146444
590368332
890816331
33515271
12723474
539004443
655552177
220314163
105310008
330941155
224712025
937392440
883558231
796752939
562931667
841743422
989024554
929685400
112648610
924888408
6257196
594351205
888357155
793199776
657210203
257881369
135207268
125135279
12946430
814054500
266770398
318199189
311460902
649297626
222503128
874474510
728339041
362123548
567892
841906731
640244617
65198202
93508131
515003330
195543653
110016371
647135719
517199178
652872684
192533755
41123912
94193538
681153847
25056340
720710849
885228661
575641170
134404516
958742209
848798915
947330210
259087013
155025661
335164811
243574466
596166486
571635315
398296440
538982983
531341784
951692289
688392813
888032809
617130130
629992828
770668941
356590530
684385629
543660663
144272282
434839801
491611210
16414291
588861635
558888452
980393254
976846659
963328310
931128380
638039653
991618190
770435126
939919977
198611114
703582067
59953642
706267308
911257144
214757278
651622211
912291080
556005403
231772719
398724567
159394164
194414326
316202234
188645184
408594122
632949140
83495873
379992272
494620282
301584321
358063972
455732409
658130504
683377151
807926633
113540106
109943531
668911530
712065720
788297046
682000091
400245636
172997785
370488929
499624987
848339635
541434633
529024425
925648414
140151215
20734750
355044018
542563572
30269749
304340044
469767739
668802436
907879182
931729724
770259816
573589889
276556916
670881154
743396831
881591337
667599617
152766529
716045157
442966604
648586923
689062850
508732136
77172420
578457391
598346191
482585169
497139227
638057449
636456359
255745203
183589194
390359602
782266245
330686882
940934383
436915463
