12
31
728 31 253 745 745 649 181 649 333 728 31 745 757 31 181 463 757 566 268 268 253 268 728 649 566 181 463 757 463 253 566 
133
151 444 698 41 342 385 593 510 353 54 710 795 524 491 795 353 779 66 491 313 560 66 438 591 477 627 36 354 484 456 786 743 676 6 208 41 524 287 786 779 560 301 560 593 477 444 704 54 444 721 313 465 6 364 795 54 560 151 354 627 491 342 265 465 769 364 710 456 364 799 354 676 131 698 786 265 706 698 627 511 560 301 511 510 131 704 208 524 706 452 438 769 313 6 591 779 301 510 36 41 452 721 452 208 743 477 721 484 465 769 710 456 743 353 66 799 151 342 131 799 511 593 287 591 704 287 676 36 265 560 706 438 484 
13
359 444 651 651 469 634 444 444 651 634 469 469 634 
241
539 209 299 260 523 6 688 18 733 153 559 44 732 129 204 539 209 235 487 44 56 539 44 423 758 433 433 633 487 575 153 299 758 108 260 382 213 294 675 163 118 150 618 36 628 456 339 133 150 79 632 628 625 553 163 632 88 416 733 260 487 515 248 213 235 36 730 542 445 542 733 758 209 166 67 416 548 299 559 119 777 118 56 163 423 730 235 533 187 688 553 445 416 633 198 79 248 204 632 235 339 548 793 119 732 187 294 793 163 235 358 294 150 67 733 515 129 675 119 469 209 444 777 367 539 163 166 487 559 633 52 625 544 544 166 462 198 36 539 777 556 456 209 118 548 69 610 515 539 362 6 610 469 444 129 533 153 69 196 172 172 556 688 367 108 204 108 52 358 79 469 533 196 462 553 198 787 372 494 793 56 382 542 733 382 362 456 728 625 339 628 551 787 209 556 213 728 618 163 551 618 187 248 787 494 487 358 69 575 18 444 133 732 462 544 133 367 733 6 423 575 362 172 610 433 728 18 523 52 67 523 88 675 551 487 235 196 445 88 730 494 
292
26 779 729 495 235 583 74 451 28 305 167 610 390 149 583 678 354 354 665 600 155 302 753 495 167 255 759 660 477 646 253 607 341 387 74 217 683 693 341 257 28 500 477 129 162 278 613 26 302 155 145 211 450 753 535 422 468 769 610 782 438 452 31 165 502 607 452 531 155 520 165 683 211 93 520 769 650 253 149 678 753 24 607 695 708 218 531 759 145 24 176 708 354 216 583 497 725 255 546 779 306 652 138 218 175 468 497 753 652 452 769 759 367 600 353 175 257 640 729 306 278 646 444 254 255 305 13 400 684 610 129 444 741 502 708 192 231 782 13 400 438 646 546 495 431 535 310 216 693 665 431 613 684 450 13 138 278 254 306 648 310 753 497 28 305 650 607 162 431 693 329 422 254 640 352 451 119 741 24 329 231 746 725 138 665 600 352 211 192 450 74 129 322 353 613 444 600 93 746 600 468 652 367 695 451 648 753 235 119 648 217 422 782 660 725 217 162 322 502 367 640 192 546 607 257 676 607 26 119 452 500 329 438 782 353 352 175 387 85 390 216 212 253 31 167 531 212 535 600 93 149 231 341 600 500 729 782 218 322 741 695 176 390 746 302 684 310 678 445 520 477 452 85 660 782 400 176 85 676 31 676 387 212 600 650 779 235 452 600 165 145 683 
208
698 20 428 404 428 446 538 335 412 401 659 645 209 62 209 546 392 691 14 409 446 769 242 793 335 409 704 471 765 603 432 432 392 196 603 397 346 196 497 577 645 226 140 350 564 350 196 363 698 488 703 311 209 488 401 397 363 190 769 416 404 574 416 659 311 603 626 72 350 272 72 148 626 397 196 658 190 714 392 538 412 113 538 428 42 577 497 471 685 665 240 346 665 14 42 42 130 665 574 63 564 242 226 62 446 65 703 645 148 39 577 657 62 401 430 321 409 685 668 65 335 471 196 130 779 632 311 272 432 65 346 793 63 704 148 96 691 430 779 471 698 497 704 404 102 113 140 657 703 765 488 564 645 685 14 546 632 72 793 659 471 574 196 769 658 240 130 102 645 63 321 731 691 645 96 206 658 226 714 416 190 471 668 102 140 731 321 272 430 20 242 765 626 779 731 412 20 96 668 206 657 206 113 546 632 714 240 363 
127
49 503 634 49 83 368 315 441 441 262 152 732 624 78 634 21 469 353 426 465 610 152 732 175 427 329 152 615 510 353 790 634 180 569 569 790 426 515 181 465 262 221 21 624 427 152 601 465 469 610 586 168 790 510 628 790 78 213 427 49 615 152 586 33 503 315 116 175 33 790 610 615 180 80 315 790 213 116 213 80 638 180 78 221 168 116 515 379 317 515 379 510 317 221 317 353 175 181 33 329 441 181 624 601 168 21 329 213 213 83 601 628 628 569 262 426 152 379 638 213 638 586 469 503 732 83 80 
67
86 763 46 123 208 105 793 174 292 123 595 223 406 763 45 460 460 174 262 595 793 46 613 556 262 613 86 595 447 556 132 174 630 123 447 86 447 460 132 132 613 105 208 223 379 406 45 292 50 299 630 46 50 208 763 45 556 223 793 406 105 630 379 292 262 379 50 
127
340 167 465 262 262 144 171 167 362 567 568 313 61 271 504 429 362 449 51 410 262 449 197 226 461 362 784 429 504 168 362 340 171 279 144 514 609 72 14 354 144 773 64 168 567 461 629 722 410 343 72 449 313 279 465 629 197 64 61 377 61 377 722 465 647 72 722 461 461 609 568 567 567 773 773 197 461 647 47 567 226 51 362 64 784 279 51 504 343 647 167 646 283 271 366 514 354 47 362 225 646 343 461 609 225 410 568 47 366 340 225 354 514 567 377 283 168 313 629 784 283 171 271 429 646 226 366 
178
217 210 552 641 508 414 24 266 222 565 585 14 601 433 578 109 414 179 257 601 533 289 569 143 380 764 392 108 539 392 243 210 707 24 83 600 473 83 145 14 210 143 549 179 112 269 27 83 266 601 660 552 305 380 222 570 237 600 585 414 569 126 217 145 451 451 707 392 222 126 539 539 305 433 273 552 584 269 578 704 380 126 549 217 18 695 707 704 764 266 755 257 145 766 755 584 600 660 704 525 112 791 143 243 451 549 24 755 273 447 289 570 565 589 108 447 765 525 589 695 793 36 112 269 473 473 565 237 764 243 36 495 14 533 18 179 641 660 18 316 36 641 273 316 570 508 766 793 289 589 108 305 27 791 766 109 525 109 765 27 765 569 533 237 447 316 508 793 582 585 257 791 578 695 582 433 584 582 
4
1 1 1 2
4
0 0 0 1
