10
2 4289384
2 6930887
2 1692778
2 4636916
2 7747794
2 4238336
2 9885387
2 9760493
2 6516650
2 9641422
2 5202363
2 490028
2 3368691
2 2520060
2 4897764
2 7513927
2 5180541
2 383427
2 4089173
2 3455737
2 5005212
2 1595369
2 4702568
2 6956430
2 6465783
2 1021531
2 8722863
2 3665124
2 5174068
2 8703136
2 1513930
2 1979803
2 5634023
2 5723059
2 9133070
2 5898168
2 9961394
2 9018457
2 8175012
2 6478043
2 1176230
2 3377374
2 9484422
2 4544920
2 8413785
2 6898538
2 4575199
2 3594325
2 9798316
2 8664371
2 9566414
2 4803527
2 2776092
2 4268981
2 1759957
2 9241874
2 7806863
2 2999171
2 2906997
2 5497282
2 1702306
2 4420926
2 7477085
2 7336328
2 2660337
2 9126506
2 5750847
2 2621730
2 661314
2 3925858
2 1616125
2 4353896
2 9819583
2 1100546
2 8898815
2 8233368
2 515435
2 5990365
2 4344044
2 313751
2 7171088
2 6426809
2 5117277
2 9947179
2 695789
2 9393585
2 1705404
2 8502652
2 2392755
2 4612400
2 3999933
2 4095061
2 1549677
2 3993369
2 3947740
2 4210013
2 5636227
2 9698587
2 9348095
2 6297540
2 6140796
2 3480571
2 651435
2 5960379
2 7097468
2 2066602
2 6710098
2 7612903
2 573318
2 3570493
2 7926653
2 260757
2 9997302
2 5560281
2 2724287
2 3209442
2 4953866
2 4429690
2 4228445
2 7346620
2 1558441
2 744730
2 3958032
2 3108118
2 4738098
2 7905772
2 9834482
2 2890676
2 120710
2 1698928
2 1704568
2 8777857
2 5179498
2 4872354
2 7254587
2 2276966
2 9455307
2 3964684
2 2406220
2 28625
2 51529
2 332872
2 2805733
2 48830
2 8409504
2 5530020
2 3258271
2 3363369
2 9959709
2 7486716
2 3226341
2 1518150
2 747797
2 9700724
2 7142619
2 8002246
2 122847
2 9493452
2 892922
2 243556
2 1192380
2 2597489
2 1537765
2 8888229
2 7469842
2 8792351
2 1165194
2 9441501
2 2757035
2 6087765
2 9470125
2 5324915
2 8936988
2 2275857
2 5373744
2 7346492
2 322228
2 1148366
2 709860
2 281937
2 1151433
2 6452552
2 4316438
2 1899229
2 6153276
2 3975408
2 9901475
2 6276122
2 3468859
2 794396
2 9036030
2 4661238
2 5908236
2 573794
2 6065819
2 5894429
2 9366144
2 7231012
2 5335929
2 4639530
2 3318777
2 7322405
2 9964444
2 2255764
2 2114614
2 7854539
2 2118607
2 2436841
2 9002905
2 5344819
2 5235129
2 2670689
2 1797370
2 2067918
2 4569918
2 466997
2 6043325
2 6987744
2 9259471
2 9512184
2 298491
2 8295500
2 6689773
2 6206726
2 1385645
2 2755591
2 4617506
2 3268140
2 2502955
2 2469787
2 7907670
2 8338083
2 2308543
2 388465
2 3110198
2 6939508
2 759356
2 5228805
2 9376349
2 2278612
2 573623
2 7127829
2 4949300
2 4887344
2 9195747
2 2035569
2 5354341
2 7755423
2 9023312
2 4613811
2 7267606
2 9321802
2 5425662
2 6473731
2 8044879
2 6811306
2 9229321
2 5178737
2 79445
2 4248627
2 7648523
2 503466
2 2586709
2 2473417
2 3408283
2 8213259
2 9412925
2 4167638
2 3442063
2 1305625
2 8962601
2 6532037
2 8433453
2 3911900
2 1419380
2 145551
2 5947469
2 9290072
2 7900974
2 7487132
2 3903882
2 7684931
2 6808934
2 1845895
2 4158661
2 7370164
2 8657200
2 3387982
2 2548900
2 1252997
2 152960
2 2713774
2 4272814
2 2739669
2 5187191
2 7681096
2 952927
2 7116467
2 4365085
2 6911341
2 8422091
2 3327685
2 3443377
2 6855543
2 9755937
2 7379108
2 9517446
2 8219757
2 6669180
2 7418419
2 5706888
2 3089413
2 5103349
2 5032173
2 7451660
2 9262010
2 2402337
2 8625211
2 5166343
2 7467588
2 9878207
2 5319302
2 2697714
2 6667373
2 575322
2 401256
2 6864820
2 4044600
2 7517722
2 1229905
2 955940
2 5939812
2 7073941
2 6915668
2 5311706
2 9346229
2 6811128
2 4829151
2 7565985
2 5996659
2 4763921
2 5789225
2 1602423
2 9867270
2 821397
2 9054082
2 1645631
2 5740085
2 7679293
2 6811973
2 3207673
2 73851
2 4647626
2 5905386
2 6741223
2 7739300
2 6306641
2 3606043
2 1783899
2 6340714
2 7352299
2 5256191
2 2280525
2 6942591
2 4688210
2 108582
2 6288820
2 1499337
2 4937733
2 6371156
2 7495995
2 2218005
2 2160380
2 1614770
2 2085274
2 2981777
2 668851
2 6247256
2 8721861
2 8348143
2 5575580
2 4445885
2 8421994
2 223206
2 2867622
2 7679568
2 7962505
2 1690614
2 3801962
2 2262755
2 8031327
2 1154260
2 7518945
2 2828203
2 613203
2 4723507
2 2936785
2 6902022
2 6222843
2 390869
2 5789529
2 6235190
2 2608873
2 7949909
2 7849959
2 7210499
2 3448037
2 8518809
2 3457754
2 4686249
2 9383304
2 9033334
2 9132134
2 321649
2 1772891
2 1999755
2 517568
2 2251747
2 3690369
2 4319530
2 4514501
2 4238047
2 5473789
2 4549798
2 7066250
2 6086991
2 9273304
2 3034
2 5505364
2 8012498
2 2910254
2 1294893
2 4247687
2 5519126
2 1761153
2 4613997
2 5245976
2 5209189
2 5649158
2 8703730
2 9895437
2 5032461
2 253415
2 1543922
2 7870461
2 2026305
2 6060029
2 8388028
2 4278051
2 2266749
2 2707557
2 1308903
2 6504795
2 697698
2 5858700
2 3571044
2 9301040
2 5132003
2 6090429
2 4806404
2 3144501
2 9000682
2 8617648
2 9908539
2 7036160
2 2895152
2 4522536
2 2282135
2 8104340
2 171693
2 3502216
2 516128
2 7720505
2 3755630
2 2060050
2 5590965
2 8298286
2 636430
2 6495344
2 2576336
2 2903178
2 9202901
2 3885239
2 9407972
2 2416950
2 2260290
2 5495368
2 1717989
2 7392293
2 1585796
2 9040744
2 3053145
2 3102830
2 7658391
2 2961683
2 2655341
2 553542
2 570
2 7453827
2 1174233
2 172262
2 956043
2 1690361
2 409118
2 7228024
2 6266762
2 6000082
2 5526310
2 6903191
2 2495426
2 618997
2 9806368
2 4214678
2 4504235
2 1730691
2 6631627
2 6764525
2 7226058
2 8349615
2 6673169
2 1328206
2 7390359
2 9726313
2 6947387
2 7565101
2 5204347
2 9602727
2 634995
2 5204917
2 7056553
2 4325579
2 7893530
2 528947
2 8532291
2 8302648
2 7756971
2 4799052
2 6819081
2 5799632
2 4218594
2 1830858
2 6418628
2 6541313
2 8561887
2 3439215
2 788356
2 5193513
2 2720091
2 8014413
2 6059480
2 1909611
2 1858970
2 5966190
2 4152275
2 8806356
2 6047642
2 9356621
2 925434
2 9198988
2 7077889
2 498339
2 3524567
2 7487771
2 1027285
2 2056857
2 5790418
2 1300607
2 9372261
2 5125850
2 7100238
2 6107206
2 9473060
2 6035218
2 2648519
2 8034946
2 1990784
2 3436874
2 3228459
2 4710874
2 3967638
2 1804290
2 6620484
2 5826608
2 7770479
2 772758
2 7149315
2 6334472
2 2645730
2 591101
2 5533460
2 9723619
2 1089439
2 9058026
2 7211389
2 4633075
2 3631234
2 5518158
2 5933682
2 3003494
2 3160359
2 5550271
2 9110700
2 2633418
2 4101840
2 4275570
2 668364
2 6092623
2 228795
2 6413174
2 3319848
2 4196432
2 8217463
2 2456683
2 2539391
2 8504293
2 5745792
2 2205058
2 7355116
2 8391522
2 2796158
2 2888575
2 631492
2 6401948
2 4462952
2 359232
2 1035022
2 610538
2 8393741
2 9485055
2 3614031
2 1554099
2 5035326
2 5241082
2 4187517
2 1653517
2 2033003
2 7372232
2 7746140
2 2261797
2 3785405
2 3582339
2 8974581
2 4519219
2 6039022
2 1513971
2 5539863
2 1784813
2 6235380
2 2894978
2 2692686
2 9031537
2 8299905
2 3324177
2 5433484
2 5279208
2 6199760
2 8984858
2 5889745
2 4593500
2 8469912
2 2020128
2 8663951
2 3505237
2 9777561
2 5367819
2 7675106
2 1810564
2 2740050
2 5421245
2 6588712
2 9041806
2 1519935
2 5563292
2 6077376
2 7558956
2 9593615
2 4133590
2 9343769
2 5828994
2 9544919
2 4552806
2 7376883
2 7844823
2 7876983
2 5326718
2 3124031
2 6593094
2 4311575
2 1530127
2 1186594
2 2781487
2 3550254
2 9850544
2 8803075
2 3327815
2 7734714
2 6478180
2 5138378
2 474763
2 4415776
2 1727089
2 2032920
2 5935711
2 9806733
2 8110295
2 6011018
2 9400347
2 4760236
2 7871138
2 7745692
2 4305154
2 2423944
2 5122574
2 4666329
2 300926
2 449292
2 306711
2 6894019
2 7277218
2 1836837
2 596964
2 2575056
2 5387091
2 2963859
2 1378131
2 8714905
2 698572
2 372662
2 6369634
2 3689686
2 7304790
2 613074
2 5722605
2 5756852
2 419806
2 6349251
2 1767869
2 2336504
2 1109486
2 9639007
2 82196
2 5414640
2 2062950
2 7721121
2 80968
2 4880227
2 686764
2 387678
2 4290597
2 7963982
2 4740866
2 4887561
2 539037
2 127956
2 367771
2 4433519
2 1359212
2 1066343
2 7322533
2 245197
2 7272380
2 4627322
2 858271
2 2994985
2 384173
2 3794428
2 9344235
2 2152041
2 8647284
2 2970073
2 4307399
2 1245831
2 901064
2 6370348
2 8966951
2 982031
2 1250574
2 9653715
2 3886060
2 8057523
2 134048
2 8626925
2 2945083
2 3189436
2 1271233
2 5829205
2 7622955
2 2630444
2 9411899
2 4945487
2 2875641
2 6684279
2 2089160
2 6250263
2 9679263
2 4989684
2 2561042
2 1539849
2 7141724
2 1208325
2 7026273
2 1449123
2 2454155
2 7927336
2 335822
2 3937458
2 8909366
2 4102748
2 3591172
2 5311777
2 2160270
2 3725219
2 3938702
2 7621704
2 6914654
2 5209934
2 3450908
2 7053960
2 356729
2 2862807
2 4515798
2 5748721
2 9547085
2 9121309
2 4515335
2 1742699
2 4110992
2 7076377
2 5798899
2 1252716
2 801053
2 2825172
2 5218190
2 5771560
2 752507
2 5554011
2 9709017
2 2178225
2 2173110
2 5816540
2 7490001
2 4333379
2 2058110
2 3945054
2 1955082
2 1489115
2 1671339
2 5405990
2 1059427
2 2028068
2 785148
2 5575224
2 7776788
2 332232
2 4696533
2 2292123
2 4591282
2 1323876
2 1884851
2 390180
2 2576591
2 5202255
2 3215351
2 311132
2 973814
2 3967858
2 8381495
2 3199182
2 6146082
2 554604
2 9015721
2 6152434
2 4887983
2 3590182
2 97488
2 9359416
2 5079297
2 1768826
2 4765405
2 6138723
2 3796893
2 5550552
2 4230298
2 4090033
2 8399135
2 1443182
2 8898507
2 2990416
2 2767058
2 3299709
2 3380596
2 7860000
2 8501963
2 9112298
2 687484
2 9475777
2 3080155
2 9068978
2 5191310
2 1742588
2 2139933
2 6723383
2 7895022
2 9544267
2 313564
2 508861
2 8903683
2 7909212
2 2277686
2 3669087
2 6564286
2 8590931
2 1735991
2 794584
2 5197315
2 2651477
2 4754117
2 4095821
2 5641893
2 37526
2 7395529
2 1538840
2 7897526
2 5897491
2 651137
2 1101361
2 7889619
2 6247644
2 170338
2 3080929
2 506583
2 4826622
2 9804311
2 917956
2 4370889
2 2634226
2 1426816
2 3274571
2 543438
2 6220854
2 9460009
2 7107723
2 4811784
2 3712351
2 418658
2 9098
2 6363828
2 7689127
2 6621270
2 4522072
2 7726652
2 6533150
2 6060911
2 8140529
2 2430640
2 9228399
2 9241889
2 2836611
2 7992394
2 1928578
2 8433891
2 8498977
2 6755200
2 754553
2 9416932
2 1126088
2 3388778
2 3360100
2 4400658
2 6448567
2 9580953
2 6377018
2 6072642
2 4392736
2 89369
2 6491299
2 6918185
2 6453196
2 6696777
2 6055806
2 975267
2 4423429
2 2588955
2 9552529
2 5080309
2 5019594
2 1297279
2 4322198
2 372556
2 9289673
2 6250775
2 8806446
2 305001
2 5522326
2 9560998
2 2238284
2 6648413
2 5466128
2 5598383
2 3565422
2 1914694
2 5179335
2 9942440
2 7987335
2 2088422
2 2548160
2 6994986
2 1522958
2 9001355
2 3691762
2 7578763
2 2492973
2 631542
2 167717
2 4561853
2 5711851
2 7703663
2 8375483
2 2550400
2 8076218
2 7665155
2 8801174
2 9399016
2 486507
2 6839852
2 1476365
2 2724791
2 3488264
2 6942492
2 8323173
2 9570038
2 1373538
2 6018860
2 2028829
2 9360872
2 8107281
2 4576988
2 6355857
2 2146591
2 3578342
2 2563971
2 9725353
2 8587666
2 3195512
2 9893070
2 3149518
2 8907362
2 113084
2 4041352
2 3974113
2 8189301
2 1706507
2 5291639
2 104668
2 4709365
2 2131490
2 1581033
2 7434155
2 8136105
2 1039876
2 8273680
2 7706142
2 2413413
2 4292539
2 9734970
2 4290637
2 4916171
2 4311957
2 3162845
2 7062761
2 406650
2 5726815
2 9304466
2 8994315
2 8922327
2 1713887
2 4660184
2 346040
2 1826970
2 8701536
2 4320153
2 2532622
2 2924394
2 9611791
2 2637290
2 150110
2 4259632
2 6734674
2 7584265
2 2395736
2 7774549
2 8374296
2 101878
2 2704314
2 2666834
2 2353199
2 6994950
2 99356
2 6665156
2 157794
2 9678469
2 9588157
2 8400961
2 8982934
2 1098824
2 7323287
2 3213172
2 8275359
2 185678
2 5040141
2 9493246
2 7022182
2 7572762
2 4933991
2 9150324
2 210051
2 5084101
2 3409955
2 9461076
2 2668365
2 8322043
2 7235625
2 1042660
2 8423920
2 2456290
2 6225845
2 3293470
2 9451239
2 8841552
2 2474977
2 2125384
2 8520020
2 2063134
2 526344
2 19305
2 3161957
2 365982
2 3232476
2 3953667
2 3068012
2 788968
2 3446913
2 90193
2 8361730
2 8380903
2 1756869
2 1088132
2 3465003
2 7683175
2 549208
2 8649719
2 6005217
2 301184
2 9692378
2 6945488
2 2757473
2 8434574
2 238958
2 4725063
2 7276126
2 2713934
2 9366798
2 8312497
2 7293419
2 9893142
2 848154
2 2971727
2 2775475
2 6596981
2 6925394
2 5843486
2 7385949
2 372306
2 8450031
2 8264030
2 1269560
2 206899
2 9352161
2 4734563
2 406425
2 2417720
2 3384281
2 6411642
2 2718903
2 5593011
2 5873481
2 7992727
2 4027584
2 8628790
2 5234141
2 1303709
2 1342724
2 4600939
2 2132558
2 1152494
2 7010432
2 2980711
2 4124221
2 9785906
2 9577691
2 1049614
2 5629392
2 6963639
2 3938271
2 4079422
2 5227668
2 5207830
2 6802672
2 7096181
2 2458744
2 7209096
2 9513900
2 5843025
2 6137089
2 4749155
2 3952387
2 2010570
2 5258233
2 7979970
2 3155711
2 492374
2 1800031
2 4498434
2 7609664
2 3932588
2 8167280
2 4620095
2 9429650
2 2291500
2 6922352
2 9007340
2 5857465
2 2551743
2 8487331
2 2312087
2 9147516
2 6231350
2 7519916
2 5950187
2 5843882
2 2495012
2 5675635
2 7874134
2 854388
2 1812723
2 2623288
2 4806774
2 6339644
2 7881520
2 2786743
2 9495355
2 890245
2 7103125
2 6510140
2 1016260
2 3552064
2 4677419
2 5636354
2 2981713
2 9485270
2 2558706
2 4505405
2 5342734
2 7626800
2 2992735
2 7654820
2 6774316
2 1740436
2 7691088
2 5240854
2 100670
2 2702451
2 916488
2 7974803
2 3556838
2 5245563
2 598090
2 8363611
2 1585206
2 995961
2 3666705
2 3596912
2 4402558
2 769830
2 2623404
2 5418817
2 4321893
2 7300822
2 3571523
2 7303606
2 9302444
2 8646580
2 4325362
2 7161529
2 6273379
2 9834448
2 7332701
2 5564046
2 1574883
2 5023788
2 804900
2 1675552
2 242590
2 1721387
2 9650354
2 3799427
2 6966949
2 2764795
2 2163037
2 1068507
2 6277108
2 8346093
2 4665418
2 679665
2 9115922
2 7288821
2 6098481
2 5954167
2 7105995
2 2186355
2 5774124
2 6408438
2 832934
2 99485
2 6086318
2 7106313
2 9933932
2 3419018
2 5186710
2 4025166
2 959157
2 5991609
2 8217070
2 1201746
2 7712996
2 7867423
2 5001172
2 7196296
2 3148570
2 9680560
2 8264802
2 9425677
2 8026653
2 5446572
2 105341
2 9658926
2 5251744
2 8720173
2 5613092
2 4874090
2 906528
2 3903567
2 3798879
2 4255813
2 4003051
2 9885197
2 1362125
2 6453334
2 3304214
2 9065187
2 478500
2 4263371
2 5056795
2 8695569
2 5465116
2 5286142
2 9079343
2 2982640
2 2482438
2 4744264
2 2663199
2 3263591
2 4169940
2 3206203
2 1226514
2 6791632
2 2865129
2 6478258
2 5511805
2 994572
2 1352347
2 8934684
2 4898139
2 5151226
2 3190496
2 1417541
2 5036422
2 7068973
2 387227
2 8340635
2 6134159
2 865726
2 5120357
2 1190953
2 2077646
2 585473
2 8993447
2 3673340
2 3568112
2 1475884
2 8417604
2 8747662
2 7255826
2 2587543
2 4470217
2 8482340
2 9379175
2 7335345
2 4960597
2 7407331
2 846268
2 8829295
2 6342014
2 8260758
2 3980520
2 2048861
2 2194651
2 1533293
2 9117833
2 2581877
2 2390280
2 5251991
2 5963954
2 7510636
2 8959296
2 8041599
2 8096108
2 7952742
2 1714938
2 4180571
2 1944977
2 132541
2 5444585
2 9200802
2 2720084
2 9914801
2 199493
2 4615610
2 9766497
2 7676441
2 2022940
2 612764
2 6505736
2 881305
2 1389874
2 3002607
2 2930165
2 3584524
2 7052252
2 4564350
2 8682752
2 9442531
2 9816340
2 4646705
2 6953166
2 1291987
2 2688303
2 7565626
2 1761080
2 6919592
2 4262548
2 6222408
2 9568485
2 9707132
2 7939562
2 4804920
2 9621932
2 8139054
2 9420529
2 9388428
2 5815495
2 3959820
2 2517544
2 4837582
2 4841124
2 6423769
2 7840188
2 287640
2 2524644
2 4892439
2 4851989
2 1207395
2 6851321
2 7184681
2 5854099
2 3804487
2 993019
2 1058753
2 3886464
2 2754099
2 494696
2 8149011
2 8976506
2 63180
2 7856143
2 6916067
2 4868099
2 9994426
2 7571473
2 6804979
2 9382854
2 3386967
2 764798
2 4416749
2 8224548
2 8122273
2 840517
2 8581087
2 8409913
2 3365160
2 5989878
2 3261901
2 4572554
2 2841198
2 2962933
2 2943004
2 9162036
2 3955952
2 6518108
2 3048499
2 6710050
2 9529155
2 3713862
2 8202907
2 9592335
2 1570004
2 7635326
2 6976785
2 1564429
2 5206798
2 3781764
2 3463634
2 1110116
2 4546561
2 7880382
2 1851015
2 5185186
2 8720898
2 432101
2 3595098
2 4602409
2 8938330
2 9373350
2 1691314
2 4295880
2 4852635
2 4634317
2 3457915
2 8808586
2 3668776
2 9022766
2 8034987
2 3197931
2 2736627
2 6237893
2 5306617
2 4306630
2 6389570
2 4799753
2 8387410
2 1596367
2 8581516
2 4367396
2 5222834
2 5644429
2 2247777
2 7073848
2 829614
2 3485027
2 22301
2 6941063
2 603787
2 8960630
2 8830764
2 2295101
2 3256509
2 3683398
2 6929417
2 9230776
2 2491983
2 3114545
2 8253541
2 3043321
2 8828827
2 3506519
2 1797566
2 6651795
2 329500
2 8187135
2 1451547
2 8716909
2 2299854
2 33063
2 3084304
2 7522687
2 8193843
2 7848433
2 4596535
2 1539808
2 3849811
2 4618835
2 8480870
2 4453597
2 6095816
2 9827985
2 6748697
2 9352325
2 3511383
2 6194466
2 1099452
2 8519717
2 1825362
2 1869344
2 1563038
2 654188
2 5375862
2 3360603
2 7305982
2 5705361
2 4064089
2 1273880
2 6938621
2 6363942
2 3823294
2 22925
2 3886629
2 2017136
2 387709
2 8483163
2 3556943
2 6753871
2 3101997
2 4554164
2 1207467
2 9197812
2 6898501
2 472516
2 1066488
2 2926235
2 9183333
2 4682291
2 1445951
2 1008694
2 6551634
2 5525340
2 1662881
2 1927495
2 1402294
2 1485214
2 7632855
2 5466383
2 5275445
2 4571476
2 1830324
2 9098739
2 7110752
2 5716952
2 1115874
2 14812
2 6716466
2 7189169
2 6768682
2 2334814
2 4259684
2 492500
2 4048978
2 3674536
2 965015
2 5115465
2 6600770
2 148347
2 2314108
2 563073
2 3673392
2 8865741
2 6088412
2 7852624
2 3309588
2 7058
2 9337837
2 3458794
2 5473440
2 4613282
2 546621
2 9820115
2 6228372
2 7657372
2 8053419
2 9860597
2 188535
2 4769884
2 7049765
2 9473568
2 7104698
2 3825801
2 9966068
2 1153675
2 7500336
2 3447434
2 8785491
2 6617458
2 6112133
2 3615950
2 7180530
2 9785524
2 2481691
2 5785293
2 7638148
2 8307630
2 5792350
2 9492336
2 1766423
2 3782141
2 6621969
2 2313044
2 3602256
2 2850340
2 2486767
2 4172026
2 2710937
2 5191654
2 1458261
2 2277053
2 4665221
2 8562958
2 8619205
2 4631288
2 2232984
2 6119541
2 8078722
2 3534827
2 2736998
2 6707206
2 9667128
2 2433879
2 6492729
2 4665170
2 8219171
2 6647228
2 2972799
2 4011521
2 6139564
2 4739222
2 7793661
2 5277884
2 9568617
2 3912268
2 8128224
2 2055383
2 8084293
2 3355512
2 7247036
2 9542554
2 5632564
2 4428609
2 621863
2 4251769
2 9059896
2 5371199
2 2887661
2 9654969
2 1422377
2 8141010
2 6362174
2 1089504
2 574888
2 5371255
2 5754674
2 8794058
2 2018482
2 1243824
2 5321930
2 674397
2 5983045
2 5631943
2 5952281
2 8068013
2 9544210
2 6596856
2 2639748
2 144855
2 9952367
2 2403135
2 2203760
2 8101282
2 6831743
2 5341974
2 4869402
2 5891639
2 713172
2 273414
2 8062959
2 4651900
2 8414423
2 6941485
2 8257756
2 1505662
2 4829091
2 6528781
2 2816072
2 9363924
2 7772604
2 8138001
2 38321
2 6272001
2 3769943
2 8506953
2 4340013
2 5830505
2 5103808
2 6979760
2 5975359
2 7572526
2 9382895
2 8179118
2 8190159
2 6214637
2 3521091
2 3059561
2 4622627
2 6750615
2 3332974
2 5201938
2 3918866
2 4263749
2 2143422
2 2176621
2 5769410
2 9488864
2 8705401
2 1101833
2 8852787
2 6478005
2 9239834
2 1407459
2 5266357
2 5526128
2 9914411
2 9606369
2 1356632
2 7534570
2 6586129
2 9848342
2 7623447
2 8485375
2 8027459
2 5813606
2 4700011
2 4064902
2 8873166
2 1838990
2 3331868
2 4722491
2 7040927
2 7250733
2 8986239
2 1700700
2 1943706
2 7272001
2 1189563
2 3165458
2 8373833
2 42349
2 9643462
2 130018
2 1449808
2 7426170
2 8172498
2 3880570
2 7032539
2 9529129
2 1415140
2 6135019
2 9377471
2 9038586
2 4620393
2 9921281
2 7368543
2 1836755
2 6502534
2 6241708
2 3675744
2 9834401
2 3480551
2 3233022
2 9601486
2 2466789
2 4933721
2 1545191
2 2255141
2 8639635
2 4710648
2 3145326
2 8681984
2 6870462
2 5791695
2 2648143
2 4296631
2 3964192
2 9045064
2 3845521
2 3493321
2 2976555
2 9980539
2 5387143
2 4531493
2 4600931
2 5308423
2 1900035
2 6437686
2 4327309
2 658095
2 2629781
2 4161709
2 4138645
2 5862803
2 6279546
2 9121785
2 796523
2 341088
2 1376926
2 9436158
2 5051736
2 7038603
2 634493
2 4438549
2 2830297
2 5798987
2 1251531
2 9310841
2 4844050
2 5097052
2 5320513
2 336957
2 5077590
2 707655
2 4868449
2 2194873
2 8532429
2 6768483
2 8632558
2 5376089
2 7426577
2 1262338
2 9537798
2 1565221
2 7125140
2 8333695
2 687006
2 438015
2 8674783
2 4580283
2 2390524
2 6242870
2 4135237
2 3025016
2 681418
2 9481885
2 1340354
2 4449300
2 8792725
2 8700755
2 9546351
2 4113237
2 9037711
2 7140293
2 7337243
2 3906159
2 9335165
2 8386024
2 674642
2 7967722
2 3762112
2 617570
2 1746411
2 5816261
2 2182791
2 1387903
2 4149956
2 5386148
2 1825917
2 5341090
2 2482782
2 4216440
2 1583959
2 6618018
2 9757807
2 2265376
2 6099902
2 3614512
2 6714675
2 7408979
2 2315266
2 8777378
2 4038567
2 1352977
2 5917670
2 3892162
2 5259135
2 5252834
2 4794537
2 8450128
2 5736907
2 1073000
2 9067698
2 7483317
2 6889261
2 3766840
2 1387571
2 3555568
2 9152987
2 3213487
2 1413009
2 1635768
2 9946278
2 2996967
2 770137
2 2220436
2 7778694
2 6870038
2 5834947
2 7009720
2 6795368
2 8150213
2 5787097
2 833935
2 2019541
2 4221118
2 4726096
2 7278675
2 9473951
2 9520632
2 5728803
2 7727209
2 593631
2 7312852
2 5210526
2 9999243
2 1079691
2 9114448
2 6071162
2 232677
2 2327935
2 7484170
2 4384796
2 4790564
2 481136
2 5154932
2 9527352
2 776181
2 4541321
2 5362298
2 7785901
2 1336689
2 6028862
2 3572997
2 4686975
2 8048402
2 7794115
2 9413070
2 7843429
2 9784417
2 1450053
2 6088583
2 7511626
2 2043683
2 3401434
2 5238503
2 4559278
2 4481124
2 4352950
2 3146791
2 7230152
2 9197236
2 630961
2 1614947
2 3987800
2 3628448
2 9286230
2 6031503
2 4404629
2 3827550
2 1393800
2 2190529
2 7680590
2 9939014
2 8279877
2 2367564
2 503767
2 6073991
2 4296985
2 8347195
2 8374760
2 5747037
2 4435777
2 5886385
2 307072
2 7837210
2 3641239
2 7382701
2 4834685
2 510540
2 529491
2 2064836
2 9707776
2 1160451
2 3679782
2 6211927
2 7305251
2 5482363
2 2243429
2 1709879
2 1826265
2 6153580
2 6416759
2 9506854
2 8608945
2 4696635
2 4390770
2 9112712
2 3286978
2 1204106
2 9976258
2 1661737
2 6951143
2 4412035
2 64473
2 9774566
2 4765596
2 3705711
2 7157266
2 2116633
2 4216250
2 203108
2 4181468
2 6440377
2 1363559
2 377602
2 2652303
2 1185161
2 5859964
2 7412083
2 2895039
2 7686228
2 6082015
2 9311797
2 9709434
2 4690959
2 4008431
2 6616555
2 3803670
2 7295408
2 7820660
2 3779928
2 1473496
2 4771802
2 708314
2 1537968
2 7062719
2 7990261
2 7760030
2 6736336
2 106893
2 4492632
2 6939444
2 6804713
2 933008
2 819354
2 7182314
2 6101663
2 2004514
2 5558629
2 6030097
2 4899552
2 3244857
2 2112111
2 6727700
2 5470642
2 6803070
2 3252482
2 2087196
2 3123091
2 547890
2 9907855
2 9419370
2 4537737
2 7196009
2 127683
2 6075705
2 4258727
2 634296
2 3835734
2 3511415
2 741188
2 8328365
2 450858
2 62252
2 1777725
2 1270211
2 7244565
2 395739
2 3274724
2 2803194
2 6425835
2 690627
2 8564402
2 8537946
2 7418326
2 6551395
2 7857367
2 670807
2 8638590
2 980457
2 3735048
2 1062796
2 399827
2 8272785
2 8258804
2 3043861
2 6864841
2 5033883
2 3678156
2 700574
2 1061649
2 6935696
2 1545291
2 1512506
2 6997947
2 5839367
2 5299068
2 6758864
2 6235105
2 8573791
2 2078409
2 5177291
2 1780769
2 3159162
2 3715236
2 9199094
2 9710556
2 1572602
2 2386252
2 8349145
2 5069411
2 8637652
2 1928292
2 7985589
2 6910436
2 2703448
2 1029449
2 3775276
2 253682
2 7223957
2 6992201
2 1315330
2 4159652
2 1053843
2 2827835
2 3673950
2 9409561
2 8126902
2 2949165
2 5644665
2 9217044
2 5027573
2 821956
2 997812
2 8186734
2 7053543
2 2713257
2 413641
2 1142497
2 7615860
2 1279137
2 8728259
2 6253511
2 3207429
2 6713847
2 5680298
2 5910876
2 7743295
2 1971925
2 6164557
2 4967251
2 8964126
2 7479886
2 1643254
2 2534320
2 2824072
2 7833556
2 1943881
2 3467325
2 782720
2 104897
2 2684368
2 8326645
2 3443204
2 6198531
2 9029730
2 496747
2 8911787
2 9443371
2 4155595
2 6527646
2 3238859
2 2883853
2 5297509
2 6446287
2 9597699
2 977806
2 4873514
2 9857345
2 2949731
2 3554422
2 7340948
2 4430208
2 3550659
2 8984201
2 9480879
2 6374730
2 9334108
2 1424759
2 9842054
2 2633180
2 4046008
2 5042773
2 3476176
2 7489211
2 1241303
2 2505905
2 502309
2 2669441
2 4465627
2 4657903
2 9197087
2 7704486
2 58107
2 7010947
2 6667124
2 9655805
2 7988752
2 1540638
2 2029502
2 3454834
2 7611411
2 9370449
2 401393
2 1162070
2 871001
2 9882272
2 53151
2 205109
2 3823382
2 2411557
2 2838288
2 7869389
2 7454329
2 6314463
2 7874952
2 1211984
2 1336719
2 8377260
2 3881424
2 5802346
2 5551515
2 5594862
2 6023183
2 8125973
2 2605808
2 5206658
2 298130
2 3110912
2 6747295
2 2327631
2 6565745
2 6875058
2 1698079
2 6967138
2 8037127
2 2569079
2 9365761
2 606629
2 2774187
2 3189142
2 3018185
2 8128826
2 3574883
2 2988866
2 6959640
2 1449834
2 4200849
2 8296359
2 2343445
2 598624
2 6615056
2 411311
2 6193486
2 5154590
2 8537284
2 1315645
2 361247
2 8835413
2 4426556
2 9624894
2 1163043
2 992301
2 6499951
2 2861121
2 475790
2 7053429
2 7946551
2 9841550
2 7660057
2 720738
2 5547043
2 678242
2 1365915
2 9121925
2 6183459
2 8325555
2 3088110
2 2900659
2 9138265
2 5431555
2 3499282
2 5753320
2 8359217
2 2209119
2 3424261
2 6896500
2 3524764
2 3785507
2 8248264
2 7951319
2 3410400
2 9411306
2 1459971
2 2426702
2 4788778
2 4452112
2 9480130
2 2735329
2 6810013
2 7140187
2 5972418
2 2357056
2 334780
2 9854684
2 1478980
2 9034590
2 8180238
2 4567090
2 1935248
2 9834854
2 2514996
2 7950881
2 8104525
2 874212
2 160000
2 1528785
2 7770712
2 6201115
2 7830644
2 8535327
2 6668785
2 1241043
2 7946633
2 645108
2 6184097
2 5251762
2 5097219
2 5664226
2 503442
2 1907232
2 5320764
2 8992211
2 4264287
2 8171895
2 8846895
2 8259618
2 9722836
2 9543484
2 5343059
2 1658083
2 9378338
2 7858054
2 2125316
2 9999214
2 1248618
2 2285315
2 1527999
2 1535681
2 1002781
2 9358642
2 71007
2 7671565
2 3116036
2 8017639
2 833024
2 9300132
2 5785753
2 5930243
2 7480710
2 8805546
2 353826
2 5317825
2 7797757
2 7134464
2 6006072
2 9161003
2 5394081
2 5728907
2 8704486
2 3253492
2 7386990
2 599175
2 1111545
2 2028657
2 598389
2 2360162
2 4313971
2 4642739
2 3895842
2 7833103
2 4001380
2 3966849
2 8021019
2 9633767
2 4500839
2 8854043
2 1450251
2 2802943
2 4784285
2 8930960
2 1608489
2 7654462
2 6765136
2 1922597
2 4788925
2 2771207
2 1083599
2 2699357
2 8500114
2 2304436
2 5952848
2 8403455
2 5419963
2 9580745
2 432111
2 8534703
2 4457258
2 7262433
2 3177441
2 869452
2 7611887
2 9695172
2 4836300
2 5632905
2 1845290
2 1853490
2 4486947
2 3295540
2 7172785
2 1787583
2 4742851
2 8781273
2 9442044
2 1507987
2 703869
2 6747320
2 4279193
2 4303819
2 9446677
2 5295658
2 6608254
2 7915876
2 6215464
2 2028216
2 7496620
2 9163926
2 3079270
2 1953878
2 8942710
2 6256710
2 5339681
2 6554596
2 8468233
2 2692332
2 2187501
2 313523
2 4545821
2 6674447
2 6125414
2 4234957
2 8462030
2 868265
2 3016229
2 420425
2 2376251
2 6236449
2 7167745
2 9171795
2 3056619
2 9130773
2 6983805
2 9664873
2 7046648
2 3199268
2 4209440
2 7059620
2 2363194
2 7288710
2 1529849
2 3822255
2 6061771
2 6869529
2 376851
2 7046356
2 9561860
2 2564351
2 9876230
2 6624032
2 1755149
2 6001643
2 858989
2 217178
2 6869907
2 6391569
2 3153955
2 1762509
2 5144370
2 321699
2 934304
2 8200988
2 9452471
2 7918108
2 382212
2 9015470
2 3633727
2 7108004
2 8591441
2 8513272
2 6913065
2 121289
2 2335527
2 5491187
2 6990817
2 2712377
2 2537542
2 9069028
2 7793079
2 4930123
2 5693060
2 9548227
2 931766
2 9068400
2 9765405
2 318024
2 5459968
2 2919359
2 2080533
2 3120689
2 5757409
2 5531188
2 1321677
2 7726231
2 3449295
2 4220240
2 9258052
2 9599373
2 1328243
2 7849493
2 8112645
2 8241307
2 7970781
2 2964523
2 3732494
2 7477950
2 5676899
2 8786387
2 9063329
2 3469977
2 3716510
2 4756388
2 3018203
2 7164627
2 6341139
2 5299959
2 7482650
2 4317459
2 735669
2 9563182
2 7438147
2 9009429
2 7610721
2 1276175
2 6735659
2 1060015
2 5496415
2 8510063
2 3175740
2 6824657
2 6359555
2 3804736
2 7582316
2 4330335
2 6769258
2 3831161
2 4324636
2 4962508
2 2617547
2 3387965
2 8432484
2 6334056
2 660704
2 3967038
2 6015034
2 7001843
2 1783349
2 3497684
2 1319301
2 5035369
2 5577217
2 8757447
2 6561150
2 3187938
2 33622
2 5813160
2 6764304
2 8046388
2 4323222
2 9940043
2 4871044
2 682776
2 3744778
2 4969711
2 7529463
2 3030387
2 8800871
2 1854098
2 7992894
2 1418418
2 5242062
2 8941729
2 268825
2 8419118
2 2908767
2 6283859
2 5420960
2 7208467
2 2297894
2 6740260
2 4760187
2 7875110
2 8014058
2 1321336
2 1063047
2 564031
2 7134496
2 343703
2 8610418
2 1457717
2 2800097
2 5997814
2 2140493
2 6544875
2 967524
2 2186307
2 9575261
2 9768395
2 4040404
2 84507
2 3703164
2 1798818
2 9026235
2 6488340
2 217935
2 4451353
2 5288550
2 5638894
2 1659819
2 7586443
2 4895505
2 6420006
2 7977905
2 5425914
2 257693
2 1557303
2 5989945
2 7392188
2 1901005
2 4600362
2 1366257
2 4701102
2 3114527
2 3506749
2 3762328
2 4082051
2 5693055
2 5853940
2 6366797
2 2249810
2 5938446
2 2586312
2 4048627
2 4964681
2 1591003
2 6782913
2 9416033
2 6879553
2 4938158
2 3592204
2 6982347
2 9833662
2 2528561
2 4960251
2 7775928
2 2786253
2 6517554
2 3765872
2 178441
2 8418558
2 882585
2 4061049
2 5636011
2 3997112
2 84149
2 9398338
2 595514
2 8293555
2 5252278
2 9478662
2 543364
2 3707075
2 4581325
2 7108343
2 8671755
2 6172327
2 3891255
2 604140
2 3051879
2 1345765
2 4196343
2 34226
2 3695778
2 6724903
2 7510828
2 1471705
2 9511155
2 4028381
2 5237576
2 2205947
2 4963291
2 6120161
2 6266995
2 599301
2 2633624
2 6351143
2 2513991
2 5745489
2 4644697
2 282620
2 5224150
2 7704413
2 3989694
2 2321826
2 4812755
2 2661449
2 8494152
2 1220361
2 3265588
2 4062383
2 2566125
2 7461930
2 6612960
2 6261903
2 6703184
2 4123787
2 7733607
2 6214338
2 8152168
2 5487535
2 936637
2 5631810
2 4124047
2 7203631
2 6231110
2 6757670
2 6071126
2 1261452
2 2503158
2 3232174
2 1544071
2 243659
2 936586
2 5533765
2 2565484
2 5749340
2 711565
2 3575987
2 9486053
2 6493504
2 7638369
2 2052177
2 3955433
2 4251328
2 830431
2 3174968
2 891467
2 8564038
2 9389305
2 9043634
2 4051572
2 2842293
2 7191795
2 8175618
2 2562276
2 5939256
2 7449639
2 8633401
2 7200708
2 2469148
2 1865574
2 8744778
2 5229158
2 2802160
2 6794894
2 310993
2 1067851
2 7506458
2 3886979
2 553903
2 3999961
2 1525348
2 5122432
2 471745
2 8293027
2 5952862
2 3646712
2 9184493
2 4516899
2 5552369
2 744478
2 1084822
2 8394661
2 7936272
2 1776791
2 3473288
2 6391880
2 1742781
2 2106688
2 3592587
2 6728280
2 6488614
2 2337364
2 1957437
2 1807125
2 1648610
2 2268429
2 2874975
2 9155067
2 8671760
2 5945230
2 3155028
2 2713459
2 1067661
2 3626772
2 1006485
2 9536874
2 9789836
2 2707330
2 6570125
2 5342204
2 5968159
2 7654946
2 6253216
2 6420783
2 1948089
2 9726504
2 2812662
2 3690869
2 4349543
2 6405248
2 2935501
2 838156
2 1258963
2 4892937
2 5161632
2 2907572
2 9677718
2 552959
2 2062639
2 8349477
2 6498188
2 7734018
2 1062935
2 82200
2 3877141
2 4585771
2 9619073
2 6183328
2 9809452
2 6189197
2 4041883
2 5777611
2 6360495
2 295099
2 2198393
2 8308583
2 2537954
2 5011054
2 4515803
2 9403848
2 3932653
2 9967655
2 2758356
2 5191615
2 4860592
2 7919987
2 615539
2 7054661
2 8472945
2 5194529
2 7920489
2 7487484
2 2928546
2 8983423
2 86035
2 9322038
2 6085545
2 9705108
2 5505366
2 5894997
2 8410656
2 9547248
2 1672607
2 4771150
2 2358698
2 6387351
2 5596084
2 7413003
2 1398404
2 2628239
2 6816851
2 5331056
2 2595893
2 9575206
2 3039022
2 9972836
2 7495192
2 6170912
2 7027496
2 8484489
2 1365440
2 4947984
2 8488324
2 6810337
2 6447758
2 8574359
2 8648727
2 2533303
2 8279466
2 4154092
2 944651
2 6690121
2 6217691
2 5133609
2 3977623
2 8576389
2 1520959
2 2090058
2 5989391
2 2919362
2 4718296
2 2806241
2 766769
2 9830541
2 4897798
2 6322142
2 9803376
2 4909342
2 2493054
2 9347224
2 3393830
2 6374845
2 6811559
2 1882153
2 5701534
2 3259317
2 456511
2 4350260
2 8308971
2 1252328
2 8504351
2 1769973
2 458801
2 4722041
2 6903581
2 6952775
2 5814781
2 8424539
2 9042832
2 1804172
2 1343900
2 6277480
2 7126764
2 4627020
2 6108020
2 2024562
2 3465513
2 8427747
2 9450255
2 8474918
2 7774970
2 2844084
2 4849763
2 4586529
2 7242588
2 551296
2 362197
2 215451
2 4901555
2 8671167
2 3984130
2 5922257
2 441139
2 4442930
2 644297
2 7344719
2 3912056
2 8975430
2 8285609
2 2954888
2 779601
2 9629508
2 1748719
2 422716
2 6772879
2 7856738
2 4963629
2 238391
2 8800836
2 4413883
2 8713309
2 6575806
2 9774318
2 6079423
2 3678686
2 9533258
2 9147070
2 4040882
2 9748708
2 4048624
2 5228400
2 3732837
2 9970880
2 8185890
2 692119
2 3131528
2 5530608
2 4604174
2 2106957
2 3816216
2 75413
2 5402909
2 5962075
2 1824131
2 8341977
2 5251305
2 2197220
2 5821957
2 8006047
2 998056
2 235840
2 9235707
2 90213
2 2526509
2 5315129
2 3768898
2 2059766
2 4462198
2 326131
2 1808473
2 1027173
2 5554530
2 8057662
2 3514404
2 3740419
2 1266132
2 9162284
2 1787378
2 8386657
2 3785592
2 8119945
2 8462070
2 1704853
2 6598371
2 2802552
2 46829
2 4366027
2 7516124
2 5868785
2 2372073
2 1030531
2 8620976
2 1607780
2 3637095
2 1147485
2 9439260
2 7405992
2 3207250
2 6417810
2 248474
2 7532075
2 7444982
2 5803003
2 5589736
2 3475738
2 2059773
2 6855867
2 2638021
2 6363502
2 7758875
2 6423612
2 4483446
2 6220944
2 644816
2 3598168
2 1539848
2 691644
2 7964194
2 1572323
2 9076781
2 2852618
2 5119205
2 214108
2 4460397
2 8756299
2 1361592
2 6416009
2 6162290
2 7085194
2 2833818
2 6410763
2 4617268
2 2795151
2 4730117
2 2723355
2 6270888
2 9306241
2 2095573
2 1425260
2 5669742
2 9854447
2 365224
2 2669539
2 8591743
2 1010039
2 6267706
2 131590
2 1701683
2 6748251
2 4220264
2 3294815
2 9600868
2 9339468
2 3508922
2 6577617
2 8095766
2 7386866
2 2993625
2 6774407
2 4472059
2 5827442
2 5701521
2 9089326
2 8622592
2 2947989
2 1812680
2 7409832
2 2254229
2 3908252
2 8835091
2 7923970
2 3762698
2 9200314
2 3109860
2 4870792
2 210353
2 1893917
2 7518733
2 4428387
2 8642167
2 1738996
2 7723201
2 759386
2 3594815
2 3748474
2 7337002
2 1690580
2 1135339
2 2846978
2 981338
2 5607397
2 8674419
2 6682858
2 7213074
2 9813363
2 9630846
2 1542105
2 7223194
2 4401426
2 7966708
2 8574636
2 4841747
2 1729406
2 7774950
2 7951606
2 9116549
2 501654
2 2361874
2 6635282
2 4930040
2 1004040
2 8374277
2 5169592
2 4279778
2 1969092
2 8918065
2 4133131
2 6176023
2 2569756
2 6980109
2 7157361
2 8177152
2 5654527
2 6356570
2 7906578
2 7984241
2 5987416
2 9448682
2 5207434
2 2905193
2 7415390
2 3782070
2 7746940
2 1661147
2 4073371
2 8214897
2 777695
2 4575024
2 576771
2 7412976
2 2021415
2 4097162
2 8303605
2 7191006
2 8376939
2 272696
2 8625422
2 2510070
2 8965070
2 1195177
2 9490178
2 6122430
2 1888681
2 7661056
2 2479000
2 9795258
2 5645297
2 982767
2 9243939
2 3369082
2 3887959
2 9175680
2 9667503
2 4151250
2 836826
2 6257225
2 2366147
2 4130873
2 832248
2 2942917
2 1543848
2 2853662
2 7040078
2 9847452
2 2561019
2 5417017
2 2636499
2 1186441
2 443438
2 1601569
2 2381617
2 2449967
2 240350
2 4270297
2 111022
2 2719349
2 6581906
2 8272670
2 6218467
2 8342197
2 1641752
2 2622778
2 7517876
2 3825606
2 6774027
2 871054
2 82831
2 9140173
2 5001926
2 3431430
2 2083089
2 6545773
2 8801444
2 1639519
2 8909577
2 1362462
2 9572887
2 4062427
2 2548902
2 16324
2 5663995
2 7446871
2 2466290
2 8420697
2 4233519
2 5093663
2 3656397
2 815425
2 3366333
2 9874864
2 9157621
2 7524436
2 2497641
2 9191848
2 3866393
2 1788019
2 62901
2 3949223
2 3444544
2 5064826
2 9897005
2 8043984
2 4126951
2 8698448
2 9683502
2 5552879
2 60909
2 9256388
2 9615305
2 5126163
2 1789063
2 7795652
2 2573033
2 4255352
2 6216348
2 9322903
2 1865367
2 9872744
2 138327
2 7748051
2 2263959
2 1812299
2 7788838
2 7277951
2 3520499
2 1655230
2 9065970
2 3583399
2 8120805
2 2510513
2 1164577
2 8017809
2 3070848
2 7807879
2 6716256
2 2754350
2 5877109
2 6777164
2 2010737
2 8008765
2 4419678
2 6316152
2 5804416
2 6992710
2 3087855
2 4537115
2 6315613
2 4953221
2 6926211
2 8970291
2 2701271
2 9190169
2 3298942
2 490108
2 8984472
2 6819440
2 4661690
2 8050441
2 2919190
2 2782494
2 3077305
2 6600118
2 3316654
2 6148152
2 6924348
2 32909
2 1418853
2 2801456
2 9326424
2 5945942
2 3326573
2 3746102
2 2262093
2 1647340
2 3255163
2 5349947
2 6184455
2 2087127
2 2819520
2 5627017
2 3573770
2 5520790
2 4817185
2 6872711
2 8527250
2 3801656
2 6208502
2 5705291
2 4368448
2 1644043
2 8487784
2 9962104
2 760513
2 4320789
2 8626608
2 201212
2 4353697
2 2561812
2 5519020
2 6196472
2 8507753
2 8845592
2 2458925
2 3286197
2 492931
2 5714088
2 8636144
2 9193737
2 317566
2 1455663
2 4820753
2 3891335
2 9492804
2 2154290
2 3280397
2 536405
2 8472297
2 9488898
2 6241695
2 5357097
2 3649293
2 7245830
2 5319200
2 6926157
2 1566618
2 6462159
2 7127368
2 8436666
2 1540323
2 2646387
2 4633138
2 48075
2 1491978
2 7092062
2 3334272
2 1984909
2 5322501
2 4486767
2 3694997
2 5640067
2 8458781
2 8515750
2 9531401
2 467936
2 670039
2 2811798
2 1004341
2 9142335
2 4817047
2 9762387
2 4499431
2 982691
2 7008217
2 2334983
2 7908847
2 1091186
2 1313493
2 5036215
2 9527852
2 2853815
2 198953
2 6677341
2 5418242
2 1690931
2 6285754
2 1268865
2 6192191
2 1608255
2 5755631
2 9887187
2 9764673
2 6730763
2 919288
2 9296073
2 7198698
2 1589326
2 4624222
2 719390
2 731661
2 1957621
2 481777
2 7747443
2 2940311
2 7489993
2 82425
2 3365510
2 1097530
2 3912270
2 918076
2 625381
2 6766084
2 1117028
2 7302721
2 2184325
2 5324310
2 3588475
2 3453189
2 1516500
2 7713081
2 1725171
2 3920039
2 7477753
2 8455933
2 4839326
2 9290177
2 8170983
2 6428652
2 3914399
2 8890372
2 9676664
2 8388371
2 9372148
2 9940458
2 3845033
2 9378492
2 2539235
2 7210542
2 476022
2 6451504
2 8128617
2 3617754
2 5733939
2 1761997
2 3436827
2 7918264
2 7086306
2 9541653
2 3887804
2 1119158
2 7254733
2 8129327
2 5039196
2 7248837
2 6585259
2 9878521
2 6539013
2 7272593
2 8823524
2 2969763
2 6162965
2 1016539
2 1358133
2 8051464
2 3473349
2 5203166
2 9946308
2 6012583
2 4930059
2 422329
2 4980438
2 5575028
2 6556434
2 714376
2 7337024
2 9993260
2 1148991
2 4423329
2 9534912
2 7553147
2 5542486
2 9305996
2 5682473
2 3098033
2 6554832
2 4784083
2 5492906
2 5610197
2 2056676
2 4316429
2 8579959
2 8219640
2 7849320
2 2454444
2 8787455
2 1322668
2 173961
2 8733762
2 9851602
2 7620371
2 1672442
2 4832039
2 3195398
2 8228876
2 5546414
2 532421
2 738487
2 9211757
2 7472102
2 273399
2 6764903
2 5530939
2 2095746
2 2447375
2 1145324
2 1166930
2 7231457
2 6638229
2 6777126
2 9288132
2 3471009
2 7873436
2 24123
2 3836680
2 2844231
2 8811578
2 5159347
2 3018191
2 61691
2 5010948
2 3154914
2 1734133
2 2359338
2 6350311
2 9963008
2 7905752
2 9399084
2 701494
2 7117508
2 9387537
2 3491244
2 3882410
2 7434827
2 5586990
2 8846136
2 8580150
2 6753919
2 6077592
2 5218378
2 6047396
2 5365724
2 1205739
2 3920831
2 7906198
2 5042418
2 9281414
2 6717775
2 2718117
2 4815956
2 6779466
2 245416
2 7970869
2 1029950
2 2604754
2 4321180
2 992957
2 3026857
2 6236615
2 4210802
2 2660716
2 5624151
2 218398
2 9059477
2 3058977
2 8321739
2 7905612
2 1639127
2 7592009
2 3983203
2 9373856
2 3639404
2 1865278
2 579594
2 76586
2 9771476
2 5622012
2 9357999
2 9005602
2 8340128
2 6690307
2 8301419
2 8585543
2 4661175
2 9331368
2 3706648
2 8982354
2 324324
2 6733504
2 5218968
2 7051478
2 9394219
2 3359470
2 9786227
2 8453695
2 6418447
2 8107965
2 6359306
2 573925
2 5699973
2 2858861
2 9947780
2 1855728
2 4724138
2 3043726
2 4448665
2 7011965
2 8665737
2 6323016
2 6017567
2 9522216
2 3013322
2 4318985
2 624110
2 7674496
2 3650353
2 4330758
2 9173202
2 6491028
2 1064261
2 6908521
2 6058857
2 2974832
2 267991
2 5845083
2 1428526
2 9202789
2 3953047
2 304184
2 9776713
2 2169371
2 3163044
2 9724492
2 6541450
2 403533
2 2768217
2 3506467
2 7415498
2 3950305
2 9829482
2 3433064
2 5988872
2 5359155
2 268400
2 6612982
2 5550002
2 3918752
2 3460091
2 4723203
2 2926132
2 7040703
2 4148076
2 8984988
2 15534
2 4416066
2 4830071
2 3960412
2 6135206
2 1299469
2 6780947
2 5911918
2 5985192
2 9943990
2 8152761
2 5042993
2 2863874
2 3437330
2 8549459
2 279371
2 7387634
2 895292
2 6228786
2 5892858
2 8770798
2 9013538
2 5022191
2 4320800
2 2932289
2 8482281
2 1560354
2 8374772
2 8039335
2 5708429
2 7359760
2 571221
2 2640846
2 4706182
2 7047984
2 8776051
2 8522002
2 3828930
2 7204320
2 4507193
2 6289271
2 5357081
2 2066538
2 9153144
2 8794410
2 3132348
2 1948867
2 8698395
2 4027640
2 694004
2 7107604
2 5314789
2 9707541
2 2129794
2 9635588
2 5156182
2 3128426
2 1195942
2 3530953
2 3684113
2 9420722
2 3407064
2 4255333
2 2061568
2 8113245
2 1303316
2 3353970
2 6635247
2 5132245
2 558290
2 3658791
2 1421515
2 8431722
2 5725328
2 3091010
2 7226131
2 8857676
2 5039876
2 8440877
2 5401667
2 8250232
2 5548481
2 716455
2 7957772
2 194626
2 352043
2 5630305
2 5839404
2 4064336
2 9161258
2 9523516
2 3485057
2 5084673
2 3778848
2 8062976
2 3197918
2 7598515
2 1416946
2 9833164
2 2730759
2 4491587
2 3491954
2 6668625
2 2923308
2 9217282
2 9759634
2 2665790
2 591309
2 7315862
2 3623018
2 5992975
2 5566093
2 1687850
2 6709429
2 6040216
2 1882476
2 9577823
2 4186873
2 238231
2 3642158
2 5864482
2 9761746
2 9643567
2 949154
2 3540593
2 7706542
2 4147071
2 3655459
2 1639839
2 6496586
2 6386217
2 6131425
2 9988540
2 5571193
2 1571084
2 1722173
2 7847178
2 4236873
2 4829833
2 5163039
2 376243
2 822807
2 3245483
2 2064092
2 48587
2 1802051
2 6462919
2 9626410
2 5988923
2 6701149
2 5784919
2 4369756
2 8979246
2 5428485
2 5318909
2 5036190
2 5651379
2 9465980
2 8691648
2 7291217
2 5962565
2 7594216
2 5938994
2 8467456
2 3165408
2 7510077
2 2705980
2 1012586
2 4263302
2 7535812
2 8691976
2 7155896
2 874970
2 4453811
2 9219987
2 923557
2 8772213
2 8199258
2 3066318
2 7277487
2 7416758
2 8851236
2 1647242
2 6396004
2 6796073
2 6966150
2 1432193
2 2447451
2 8948481
2 123841
2 2255019
2 7427398
2 7718056
2 8194012
2 8411205
2 3399816
2 8220441
2 1117185
2 4412401
2 5000094
2 1169348
2 5620728
2 2155989
2 2044318
2 74538
2 1375975
2 2967874
2 1363102
2 2091584
2 6034191
2 8640588
2 9508342
2 7401778
2 287829
2 8420697
2 6714202
2 9770331
2 9852889
2 1678004
2 8718811
2 2493081
2 3933023
2 8662560
2 211137
2 4643386
2 7073765
2 6127304
2 5380178
2 707301
2 3056056
2 380271
2 1876648
2 8676783
2 2536259
2 3920965
2 1267673
2 6428586
2 6888838
2 2630774
2 8520169
2 5439380
2 1271362
2 544862
2 5357510
2 1559190
2 8965558
2 2071711
2 1329520
2 8818447
2 6266067
2 2564683
2 3827879
2 199089
2 1227242
2 6555367
2 7358826
2 817358
2 2682670
2 2739004
2 1524658
2 5738725
2 5635626
2 3401306
2 4415508
2 8171885
2 7322270
2 8199532
2 4600470
2 6727460
2 830305
2 5636990
2 4683191
2 2101666
2 6181852
2 2557052
2 6177208
2 5147409
2 4628763
2 23079
2 6482207
2 894829
2 2587761
2 310086
2 3610269
2 6331355
2 6865452
2 3485446
2 7148712
2 9548122
2 8740801
2 8673370
2 5286846
2 4376427
2 4591027
2 2218705
2 5064663
2 1913296
2 418236
2 9665132
2 1157107
2 1248541
2 5302121
2 8356650
2 5866558
2 4000324
2 913701
2 4560117
2 9147733
2 8058815
2 4583196
2 8146291
2 8953643
2 9687308
2 8456376
2 5080263
2 8535014
2 7838180
2 1082061
2 8200078
2 7386301
2 9822861
2 6873447
2 5189498
2 6715639
2 3980825
2 9924555
2 1780301
2 8410472
2 342790
2 1445432
2 9567579
2 4107682
2 9263905
2 440580
2 2490592
2 3264228
2 1354280
2 7050708
2 4928312
2 9413095
2 4150255
2 3074603
2 883089
2 6353915
2 4047330
2 8479704
2 7405280
2 1885509
2 9561764
2 5605357
2 1788161
2 1900976
2 4995155
2 9494011
2 8616615
2 8975979
2 9418565
2 396915
2 7386451
2 9761354
2 4358699
2 9470381
2 6385388
2 6138955
2 9910960
2 8875979
2 1919534
2 1265239
2 8443038
2 6847846
2 3194685
2 5109645
2 2438800
2 4077774
2 1463559
2 6486129
2 5073829
2 8868838
2 887990
2 4635592
2 6990547
2 2676150
2 9052919
2 1985701
2 2170160
2 7669533
2 961680
2 1588724
2 582800
2 8348130
2 3866430
2 4941498
2 7818510
2 251817
2 3596804
2 245821
2 1644147
2 5516337
2 1511059
2 87184
2 4880534
2 7222096
2 5196828
2 7319333
2 3816221
2 9176738
2 6321814
2 8890049
2 561928
2 7209803
2 6041992
2 7552474
2 2402304
2 5094910
2 2054526
2 4572464
2 2764443
2 3016205
2 8677539
2 5863594
2 3880686
2 5060320
2 3321443
2 4215547
2 7828488
2 6918246
2 4461367
2 9472634
2 2434582
2 8488778
2 2076170
2 7315116
2 5710873
2 9789349
2 7150800
2 9527093
2 1482439
2 3472613
2 8417141
2 2044366
2 682415
2 4459132
2 2113191
2 5601071
2 2070393
2 4167716
2 173534
2 7351187
2 9700273
2 1367424
2 3214780
2 3580958
2 8944096
2 6536222
2 7796505
2 6772583
2 5970819
2 4774223
2 8761569
2 921753
2 3263000
2 3354090
2 753220
2 8973872
2 5659790
2 7904019
2 1017316
2 7142228
2 3892984
2 9434456
2 1702945
2 7091750
2 6409939
2 3816135
2 2692820
2 996684
2 500203
2 5382705
2 8347870
2 200475
2 6750129
2 1562650
2 6297784
2 5694224
2 615223
2 6610640
2 4983158
2 9102394
2 1384863
2 3744726
2 24146
2 7164214
2 9615167
2 777365
2 8654438
2 5274957
2 1197735
2 9671753
2 2417184
2 5090718
2 1622561
2 6636481
2 2182468
2 548851
2 2968967
2 4875287
2 1545534
2 3469169
2 257992
2 9893404
2 6185995
2 9524472
2 3972405
2 2483779
2 7735047
2 7103979
2 9094418
2 5234556
2 6206372
2 479280
2 1495634
2 8746869
2 7643494
2 1110800
2 2040585
2 8814283
2 6385756
2 3238320
2 8486035
2 1319292
2 845389
2 108595
2 7955772
2 5544208
2 3173798
2 3441090
2 419495
2 4719331
2 6910259
2 3193838
2 7129086
2 5612605
2 5234661
2 1101490
2 8096383
2 5486059
2 721821
2 7190801
2 720614
2 6928192
2 186432
2 2216247
2 8191413
2 346277
2 3327047
2 231997
2 9160559
2 2229154
2 5986668
2 162946
2 3548445
2 6832057
2 2787892
2 4020568
2 2376264
2 5961689
2 9978010
2 5312110
2 681020
2 9404620
2 1022299
2 326457
2 5017224
2 6256959
2 3944299
2 3113607
2 1743017
2 4666119
2 2820759
2 4979983
2 4110662
2 5523542
2 7196229
2 2302074
2 5869819
2 3039627
2 2534071
2 7546729
2 5268781
2 8520738
2 7709674
2 1333577
2 7869146
2 497566
2 7870497
2 245410
2 6459254
2 7848506
2 8073871
2 9656625
2 7253125
2 9096170
2 2499434
2 2270348
2 5353128
2 6443732
2 7900306
2 9612497
2 1109850
2 721064
2 4592479
2 5220511
2 8760958
2 4305059
2 38937
2 4630776
2 7344686
2 5089359
2 2177504
2 2613466
2 6126448
2 2403530
2 3947042
2 3995594
2 2901095
2 1817538
2 6757355
2 1876700
2 2182395
2 4831225
2 4049677
2 9435519
2 6443746
2 6549110
2 4222219
2 4313226
2 5509193
2 2122524
2 3925722
2 6619042
2 5359940
2 1034552
2 4355904
2 4120897
2 5339610
2 6911192
2 1268024
2 2684295
2 2000550
2 5961879
2 7814112
2 8126998
2 881760
2 1761154
2 2122591
2 3782854
2 6095043
2 1396297
2 8175906
2 793790
2 8743873
2 4741934
2 229308
2 5187619
2 3807395
2 6967878
2 9500844
2 9316587
2 1606754
2 5942917
2 8451980
2 6966693
2 6977468
2 2807883
2 3603941
2 4833429
2 9719075
2 7388316
2 7517724
2 4235976
2 5866546
2 5331835
2 2362973
2 6748306
2 9609340
2 7001915
2 3047511
2 8220735
2 8398211
2 1223416
2 9014524
2 9658436
2 8481701
2 1760183
2 4846054
2 2289095
2 8728061
2 4346897
2 4122033
2 334814
2 289813
2 2574012
2 9817858
2 9783632
2 5381895
2 5938150
2 4617060
2 7617321
2 5842817
2 4651135
2 1853296
2 1709362
2 2499322
2 6732621
2 8457667
2 4625013
2 6250887
2 1505178
2 2845747
2 7165450
2 5244945
2 4376622
2 6823885
2 3726646
2 8653157
2 1669938
2 8532092
2 7381217
2 8533186
2 2654125
2 232382
2 1339350
2 7744488
2 2566591
2 1122981
2 3126382
2 1021092
2 8256392
2 3260054
2 6863908
2 2907527
2 7629702
2 8573269
2 5406848
2 6878674
2 9547288
2 2548212
2 3129560
2 1052465
2 7910311
2 295009
2 8813761
2 2286932
2 9635245
2 5056758
2 940088
2 3821534
2 3588850
2 837656
2 2354719
2 8759326
2 3586389
2 3694068
2 6503813
2 6152979
2 7333400
2 2146547
2 7174070
2 5589792
2 7922952
2 6554329
2 1013670
2 8069005
2 5127598
2 8936869
2 4947678
2 4674885
2 1485080
2 593590
2 8243701
2 9395390
2 3404950
2 7057461
2 4198674
2 3040195
2 2114219
2 7655113
2 6861728
2 8219420
2 1009121
2 9216447
2 9495097
2 4595509
2 5426866
2 8515261
2 3264840
2 5276618
2 661807
2 2955261
2 866409
2 1101111
2 9509590
2 4396430
2 9170115
2 7153539
2 3333298
2 4117793
2 4344775
2 7334729
2 4711382
2 2588475
2 6730119
2 8116331
2 2162287
2 3445144
2 3672877
2 6792857
2 1100256
2 534605
2 7528628
2 4625728
2 2267403
2 9540076
2 9221237
2 210620
2 8055337
2 5002428
2 5487237
2 1233495
2 7957688
2 6353645
2 2334605
2 7467277
2 750074
2 1504720
2 7137167
2 6599723
2 8138864
2 1481941
2 3934452
2 5366597
2 6586767
2 3180922
2 5999279
2 1265406
2 6626065
2 9672156
2 8058262
2 242672
2 2723112
2 8103242
2 4868400
2 4990514
2 7643317
2 6605988
2 5201133
2 8215005
2 1608415
2 3204722
2 9448500
2 9566102
2 9558366
2 4299456
2 9549731
2 2824792
2 8320527
2 6686897
2 1940866
2 6459390
2 8168838
2 5875317
2 4342338
2 4755604
2 1572590
2 341617
2 6021009
2 715006
2 2530124
2 6595623
2 957678
2 7769587
2 7215216
2 8342429
2 5276452
2 7374884
2 4948416
2 477584
2 5589889
2 6556830
2 6198657
2 7554740
2 8639283
2 5757023
2 1854195
2 8189013
2 1098166
2 174722
2 4875910
2 5555383
2 9150463
2 3044747
2 3947052
2 3492801
2 316702
2 5519641
2 6350769
2 8854063
2 6234647
2 1397244
2 7966037
2 9708676
2 9166830
2 7697604
2 8051104
2 4443281
2 5072487
2 2999519
2 7437216
2 3178727
2 2072700
2 3635873
2 733466
2 711982
2 1909247
2 2587661
2 8900995
2 5523764
2 2762382
2 6293256
2 1079146
2 1912844
2 1854354
2 5026197
2 7921996
2 2171055
2 3062190
2 4272764
2 3541469
2 9296836
2 8186359
2 4023857
2 9005511
2 7353188
2 1721460
2 9572966
2 1796468
2 6793947
2 2572484
2 9233684
2 9972673
2 7161535
2 5385908
2 706139
2 7873516
2 7295154
2 5810151
2 6774510
2 2818917
2 1088884
2 3067765
2 3898062
2 5518079
2 7438470
2 1440611
2 3440075
2 9609525
2 4502800
2 229190
2 5667345
2 3799635
2 8415549
2 9691202
2 5321497
2 5768736
2 1412661
2 4894462
2 81556
2 722959
2 9983297
2 1831591
2 695632
2 7144831
2 7217498
2 3918122
2 7534698
2 4512651
2 2244624
2 6825560
2 9847919
2 3333507
2 2409676
2 6262332
2 8851585
2 9848146
2 7702942
2 4808011
2 9457670
2 2205741
2 5037201
2 7641366
2 8521727
2 5969101
2 7332567
2 6359575
2 1737836
2 8745228
2 3770388
2 4335743
2 1984538
2 3753684
2 6167333
2 2680169
2 3414866
2 3384830
2 9114642
2 949564
2 413832
2 1359265
2 7775123
2 261750
2 4692771
2 2701150
2 6524082
2 6060708
2 2549295
2 4227023
2 868718
2 4523316
2 8949116
2 5905918
2 2164682
2 9987194
2 1875018
2 9497248
2 6346769
2 6129206
2 758827
2 117156
2 464948
2 2743365
2 6387192
2 9148633
2 7939885
2 9802057
2 2533462
2 9570879
2 3267972
2 5463646
2 930143
2 3559446
2 5725395
2 8139266
2 6260596
2 4765828
2 4199973
2 8809890
2 1509203
2 5068690
2 3333206
2 458318
2 3490960
2 5497887
2 445511
2 7882329
2 7511486
2 9308631
2 6527886
2 786665
2 9425787
2 9509186
2 6046381
2 5812978
2 8657818
2 3986265
2 8131386
2 3707631
2 3557143
2 3915710
2 9171276
2 7003638
2 7475155
2 7413023
2 5142903
2 6252102
2 2178850
2 1859227
2 5061992
2 3688052
2 9444268
2 911549
2 6662721
2 2935227
2 8925787
2 9624584
2 3333908
2 6437272
2 8933214
2 9861793
2 9740288
2 875352
2 1887330
2 5786668
2 9204681
2 545147
2 9772933
2 7336067
2 4252778
2 5846427
2 3768128
2 5940405
2 2850064
2 1243282
2 3353427
2 509318
2 11736
2 8048629
2 2368544
2 7590079
2 4253032
2 1812812
2 8501627
2 3432105
2 7264390
2 7427413
2 3056688
2 598297
2 6381036
2 4506253
2 2976442
2 8637676
2 5381605
2 4863771
2 4424343
2 4586285
2 5408918
2 4197275
2 4438703
2 2178047
2 2560054
2 8206830
2 8118451
2 5410117
2 1966464
2 3988230
2 8435787
2 1978199
2 2036858
2 804330
2 9568277
2 6289889
2 2617141
2 586255
2 9721993
2 9881531
2 530019
2 5295032
2 2996179
2 9427406
2 9801285
2 5972620
2 8065081
2 7699241
2 3352743
2 2489424
2 4801877
2 8761660
2 9203050
2 1756932
2 3456058
2 1763103
2 9963761
2 4090860
2 9689572
2 4446576
2 8079089
2 8125358
2 6424774
2 115946
2 1446039
2 8509402
2 8922187
2 6579532
2 9095656
2 1160531
2 8977414
2 9625674
2 6455563
2 1973592
2 9053080
2 8773199
2 462564
2 7118160
2 8988791
2 3815306
2 9607583
2 3790667
2 5093317
2 1326985
2 5547598
2 8549374
2 3090087
2 8027711
2 5156585
2 5296010
2 2474286
2 3235674
2 5937719
2 1415412
2 5867971
2 7383758
2 9924813
2 7306509
2 3963289
2 9020469
2 8467040
2 2940702
2 1162494
2 7438954
2 7430645
2 2731925
2 6212152
2 409560
2 9850085
2 7717294
2 4224865
2 1974019
2 1507960
2 1834533
2 3301003
2 9571910
2 2900258
2 8907442
2 7599620
2 8056843
2 6719803
2 2590257
2 1292516
2 2657522
2 4005668
2 9676838
2 2557631
2 6446833
2 6983347
2 6520919
2 7983653
2 5450386
2 1977972
2 9146146
2 5405691
2 1924968
2 1878071
2 1617842
2 2334528
2 4244507
2 1851487
2 9075744
2 8734877
2 3359446
2 910277
2 2035880
2 5447707
2 6326886
2 3459673
2 5563678
2 4383728
2 179475
2 670287
2 8192595
2 5353348
2 4675954
2 7869433
2 7910978
2 3639138
2 7369131
2 6948248
2 1622790
2 2819516
2 1442571
2 3285288
2 8225206
2 3367539
2 7679710
2 2359399
2 8218418
2 1924216
2 4210885
2 9810513
2 659092
2 86682
2 3237141
2 5211323
2 8050741
2 9564027
2 1187347
2 3614418
2 6464106
2 1366822
2 6801056
2 4656701
2 6720169
2 1477010
2 5042485
2 7147499
2 7632499
2 2411615
2 4095746
2 9255289
2 7747482
2 5538317
2 5056928
2 8489039
2 1422207
2 2736637
2 3364789
2 2156976
2 7177204
2 92025
2 1967488
2 352647
2 2695058
2 5204629
2 5563970
2 745798
2 4768655
2 9267668
2 6876568
2 3749112
2 634489
2 3677623
2 8405812
2 9871010
2 7670984
2 5964648
2 7018508
2 5303483
2 892614
2 3630605
2 7075123
2 8640095
2 9168921
2 4648402
2 9645485
2 3107479
2 7385038
2 3010273
2 5264454
2 7078593
2 3102297
2 7231942
2 7431239
2 5797355
2 4952922
2 5511560
2 6543152
2 2237928
2 4779228
2 5936071
2 5987039
2 7930068
2 9613694
2 6909203
2 317429
2 9801029
2 2873850
2 7335936
2 5104511
2 6282816
2 3482893
2 4695985
2 4922910
2 5168165
2 9344386
2 7084747
2 8275644
2 9245775
2 95019
2 6056449
2 6324367
2 3197316
2 5804742
2 6271958
2 1511022
2 757663
2 4299869
2 570525
2 5511942
2 9079096
2 6506596
2 1498981
2 9525516
2 8636641
2 8408183
2 9842944
2 8437669
2 3798384
2 9695232
2 6058532
2 81199
2 3178124
2 3270868
2 7520461
2 862640
2 2615254
2 4605207
2 9138283
2 1861028
2 4700225
2 5194732
2 701747
2 413892
2 3515825
2 6973704
2 4441265
2 4273488
2 3789924
2 5011790
2 9785429
2 5385372
2 4034737
2 3800761
2 4910887
2 2671377
2 2208943
2 7270182
2 3625397
2 8523679
2 9481765
2 2200280
2 8604877
2 5176240
2 5471148
2 6125337
2 6038880
2 602753
2 3246895
2 5177162
2 4980132
2 7947120
2 2888245
2 5681878
2 877363
2 6404070
2 5171933
2 5318628
2 3193909
2 8961857
2 2846769
2 5495689
2 4347228
2 6881505
2 9296450
2 1774466
2 2069233
2 4021744
2 9044647
2 8210981
2 5061774
2 8526412
2 411261
2 3666651
2 3702651
2 8398760
2 2308339
2 9741530
2 9001512
2 5555234
2 7435044
2 6497995
2 6018705
2 2839640
2 4696225
2 9412419
2 1760061
2 9868157
2 7247398
2 4953969
2 1346365
2 94166
2 2966010
2 8209944
2 6975670
2 2262459
2 2500761
2 9044902
2 8800554
2 4061760
2 9772235
2 3862328
2 5104523
2 2699847
2 45330
2 1323525
2 1098606
2 4870020
2 1065055
2 2616469
2 2941605
2 1016450
2 9114463
2 1476661
2 6372441
2 3810687
2 889080
2 8132502
2 6195196
2 8136477
2 3086470
2 57912
2 8230643
2 8568831
2 784208
2 7722664
2 3347641
2 3284968
2 9283918
2 2148195
2 9863079
2 9056152
2 8526874
2 4967601
2 1755998
2 8572203
2 6291126
2 2854603
2 5958574
2 9872532
2 7987423
2 8900179
2 888981
2 9618237
2 376839
2 7261421
2 3428924
2 1265918
2 5393922
2 2140471
2 1918747
2 996744
2 4714734
2 2665741
2 2081926
2 5498941
2 388404
2 5429567
2 1300261
2 9672321
2 94113
2 1163339
2 1244824
2 8620986
2 6130940
2 3000821
2 9709540
2 4938417
2 8371775
2 5668113
2 4810948
2 6359197
2 4568291
2 5699928
2 8493786
2 7461482
2 5477700
2 4439061
2 1243751
2 3387974
2 6579531
2 3162497
2 6901069
2 3810616
2 5828237
2 8982994
2 9309557
2 8732993
2 6928912
2 3126169
2 921665
2 7023024
2 6805859
2 2166489
2 5644009
2 5453150
2 5167309
2 7869900
2 391566
2 6055436
2 6054365
2 5202513
2 4930984
2 622655
2 3418792
2 3424769
2 600488
2 1412844
2 7863829
2 1844239
2 4800817
2 6959711
2 5006735
2 4218237
2 770327
2 3351324
2 5717582
2 2596235
2 2084316
2 2646494
2 5722403
2 3005980
2 9669517
2 2528261
2 5172468
2 7829878
2 497763
2 2856129
2 5699777
2 889328
2 8911564
2 1754141
2 6091841
2 6358899
2 4893148
2 9510632
2 9783668
2 5493635
2 923475
2 7647496
2 9854225
2 8240643
2 7123559
2 4860960
2 4975231
2 7893885
2 728635
2 692813
2 490119
2 2812950
2 5855658
2 8728873
2 8335281
2 5525174
2 3773485
2 6024101
2 5871403
2 4271247
2 1396581
2 4087532
2 5160575
2 2824496
2 8358024
2 3768767
2 9183394
2 5767523
2 3279398
2 8967061
2 1261158
2 6719225
2 9130909
2 1115382
2 7476219
2 6254467
2 8492693
2 2451450
2 6664703
2 9221327
2 5660614
2 9671173
2 4550628
2 1516271
2 8400045
2 5402261
2 9557796
2 2173529
2 1426361
2 7945551
2 8961128
2 2822941
2 2033082
2 6638054
2 8163788
2 391105
2 406820
2 7347181
2 6158628
2 6202569
2 8830594
2 9936137
2 5438145
2 477854
2 3567870
2 2914364
2 9248672
2 4576915
2 7882165
2 5913374
2 6314593
2 6059130
2 5584546
2 865221
2 91752
2 6500942
2 6267481
2 2165899
2 1190822
2 210193
2 111449
2 151949
2 5549485
2 2144530
2 6790002
2 3713272
2 5051987
2 9713173
2 3576804
2 3726966
2 5915742
2 2407397
2 6179454
2 1353886
2 2885250
2 2263675
2 6784601
2 4650273
2 6840589
2 4666765
2 563646
2 3155182
2 725894
2 8664543
2 6536754
2 3333997
2 5165484
2 5320586
2 5499896
2 8872658
2 5530778
2 5611344
2 9024606
2 1080262
2 272226
2 8330960
2 7309885
2 7840564
2 8044132
2 886688
2 1567529
2 6476225
2 5810437
2 263334
2 7830111
2 1212038
2 2527008
2 4614711
2 5862311
2 9367597
2 1797828
2 8942308
2 5039130
2 5040073
2 123203
2 4092235
2 8374070
2 7805038
2 9412820
2 3873965
2 6677695
2 7459949
2 9485308
2 8218653
2 1056562
2 9757533
2 6549612
2 8366446
2 7598096
2 7110095
2 1769485
2 1681976
2 3586320
2 7579921
2 1945309
2 1416430
2 8791959
2 6988669
2 8547492
2 7170621
2 6356265
2 345319
2 6112928
2 3911746
2 5385392
2 6236130
2 8003980
2 6275813
2 4041168
2 9933151
2 149777
2 718862
2 7393099
2 9635084
2 1453866
2 8449660
2 1908969
2 8003477
2 6816105
2 2023416
2 7629924
2 1101941
2 6221744
2 1216243
2 8681862
2 683404
2 5149024
2 7473820
2 7672072
2 6212867
2 4644440
2 6544688
2 6558186
2 3273719
2 456433
2 4459929
2 9509849
2 976764
2 735741
2 6067368
2 909914
2 3401869
2 9302581
2 819364
2 5553304
2 756447
2 9269023
2 7462272
2 1276275
2 8601479
2 2002040
2 8906198
2 9703420
2 8223783
2 122440
2 901633
2 1423538
2 7787815
2 8375452
2 9095610
2 4000682
2 5536243
2 5640297
2 3075219
2 1326313
2 8613082
2 51499
2 3352513
2 9589845
2 3303591
2 9419880
2 3016111
2 6705459
2 1238813
2 6351826
2 4775114
2 4511611
2 5620849
2 2237386
2 5787885
2 6738679
2 6755777
2 4694083
2 8958450
2 7495911
2 7332874
2 9860082
2 8919448
2 7637041
2 751885
2 8015057
2 4154074
2 8804479
2 3655354
2 7229292
2 130792
2 4784787
2 9797142
2 3483304
2 6890983
2 3100732
2 5419536
2 2423445
2 2322542
2 6658348
2 8775271
2 7097655
2 1169958
2 6912471
2 1851392
2 9474194
2 3651149
2 1123520
2 4168276
2 2609599
2 8619430
2 4017502
2 2469680
2 7538878
2 4170894
2 5737917
2 8070286
2 8324967
2 4542395
2 4241991
2 5554258
2 4673186
2 9026777
2 7867751
2 8156490
2 5917760
2 3484834
2 6092377
2 8341204
2 8323727
2 2750724
2 7116474
2 7937733
2 6437033
2 4028944
2 9789125
2 5911226
2 196445
2 912644
2 2595854
2 5322395
2 2048426
2 9129707
2 308426
2 2103655
2 3300600
2 6046342
2 173940
2 1625566
2 588737
2 4415931
2 9696175
2 5261922
2 5959059
2 7563925
2 5934763
2 4393170
2 3565110
2 2027139
2 2734374
2 1888836
2 7294214
2 2367199
2 9826568
2 3731246
2 8912495
2 2132044
2 2158824
2 1625291
2 3044688
2 7271029
2 6947685
2 7609465
2 6400735
2 7256110
2 9713119
2 2217686
2 3302452
2 9887058
2 6359603
2 3891188
2 6819340
2 6055777
2 1669461
2 2778399
2 6136053
2 7604224
2 9687920
2 9701162
2 9631362
2 2422293
2 4106349
2 6925576
2 7305844
2 3932916
2 3173173
2 8734690
2 6064960
2 7848348
2 359980
2 1625999
2 5119376
2 9824016
2 9235463
2 4036462
2 7080125
2 1464933
2 6254147
2 2898928
2 1351990
2 2613749
2 9306467
2 687682
2 1185877
2 975928
2 5982432
2 9838281
2 8580151
2 5670351
2 2055794
2 727864
2 608996
2 6162142
2 169791
2 431191
2 2611410
2 5859316
2 9165880
2 8676369
2 3707663
2 2042211
2 2818719
2 1343391
2 1866226
2 2054181
2 5379852
2 1462702
2 3519113
2 1633999
2 6877982
2 7387454
2 6764099
2 6184448
2 591487
2 466328
2 7160375
2 6573918
2 304608
2 8256877
2 4760621
2 2360402
2 1501093
2 5369616
2 1038895
2 1670883
2 5800806
2 3650304
2 46550
2 7483037
2 4843024
2 3754213
2 2041599
2 7661742
2 5097603
2 6424176
2 2232274
2 2993806
2 403229
2 8267738
2 4627804
2 7281210
2 5655192
2 3908255
2 3465658
2 6246678
2 4374582
2 3142384
2 5336948
2 7195541
2 1399261
2 97568
2 2072294
2 2900353
2 7983535
2 5627541
2 7087587
2 6300692
2 9277844
2 7134137
2 3783728
2 4120868
2 3404701
2 5825326
2 4298961
2 1018655
2 4765853
2 6531235
2 4012460
2 5169081
2 4798972
2 1156616
2 2450291
2 2970515
2 7581222
2 8432300
2 1733545
2 4472155
2 1574683
2 7070492
2 1667695
2 2973943
2 9684411
2 6256341
2 8390647
2 7667945
2 1883881
2 7994586
2 3968636
2 3678076
2 7645074
2 268715
2 7798943
2 1049774
2 8610392
2 4614256
2 2068428
2 3376244
2 1145490
2 8597239
2 8545324
2 5944461
2 9753854
2 3511966
2 1431328
2 9851427
2 1944265
2 3164872
2 4323581
2 3518948
2 235363
2 5991276
2 9009242
2 9919773
2 4763968
2 9916241
2 104069
2 6647848
2 7910826
2 4072704
2 325923
2 5555899
2 6857770
2 641218
2 9122024
2 5468161
2 5255473
2 3706803
2 1360756
2 8917314
2 2304041
2 9906079
2 7378126
2 4574247
2 5934397
2 8809453
2 4425673
2 7878661
2 1974324
2 8749254
2 1397608
2 4726038
2 7256881
2 2923202
2 7162162
2 2020848
2 2839442
2 7266230
2 1185047
2 750267
2 3855285
2 4027321
2 8822517
2 713054
2 7184890
2 7944540
2 8697566
2 4956714
2 1651342
2 58321
2 3874027
2 3955382
2 2480752
2 3768505
2 1045980
2 8415148
2 2577957
2 5471653
2 6293808
2 7068633
2 6737258
2 207768
2 1794670
2 6510490
2 3130969
2 8956832
2 8531337
2 5970410
2 6223061
2 2232735
2 9237028
2 2594698
2 6260055
2 8059544
2 3307751
2 3444945
2 6004083
2 4521669
2 8401658
2 7655424
2 4579989
2 4792037
2 4127157
2 9577092
2 8560541
2 5173137
2 7992239
2 1138497
2 3161141
2 6802399
2 8207129
2 9898398
2 7010166
2 2518151
2 8925239
2 141134
2 1474982
2 9972927
2 8627895
2 214394
2 2205661
2 7864922
2 2809091
2 982067
2 5924465
2 8633194
2 4427011
2 4444899
2 3154862
2 5345021
2 2100322
2 251202
2 2653409
2 8743830
2 9828294
2 1213949
2 3916966
2 7820532
2 4868797
2 9594458
2 4622930
2 5592278
2 2009207
2 4149447
2 8110428
2 934445
2 6806932
2 2101761
2 907371
2 5434826
2 2316154
2 3113031
2 5816099
2 5125245
2 6611450
2 4256915
2 6274790
2 3554812
2 8701813
2 9429651
2 8899832
2 3318486
2 2197204
2 1553240
2 2062316
2 2025497
2 5283540
2 8495633
2 2362381
2 152337
2 606443
2 9501662
2 5744614
2 2615649
2 3651109
2 6371393
2 3550094
2 2974392
2 8473153
2 6973816
2 8409218
2 789306
2 2603199
2 6741668
2 8430902
2 9214648
2 3514935
2 4705691
2 2769459
2 2216747
2 6651693
2 4185643
2 8051585
2 8848897
2 8255234
2 2630252
2 3390745
2 3538774
2 3642236
2 5753125
2 3691110
2 4248678
2 5254787
2 1952075
2 6864327
2 1422247
2 8323467
2 2930772
2 6912990
2 6796619
2 9904587
2 7838559
2 7585924
2 5024137
2 4580227
2 8533178
2 4238784
2 8095161
2 3238868
2 9524595
2 2828259
2 2406913
2 3710237
2 879843
2 1255809
2 1965470
2 6026446
2 4646553
2 5504243
2 9668682
2 2916030
2 1711704
2 3917359
2 687168
2 3663778
2 3298037
2 4625766
2 4503596
2 6228808
2 1538755
2 1300214
2 8649747
2 9377314
2 1402490
2 3673883
2 3957540
2 9935667
2 429019
2 4569052
2 5690886
2 9953613
2 7397310
2 614150
2 6180201
2 793505
2 1869958
2 8145670
2 6819950
2 9032863
2 6166265
2 6488631
2 1948892
2 394320
2 2922342
2 5152411
2 6574450
2 6220378
2 9778176
2 1078045
2 4965538
2 1316930
2 4894611
2 6131636
2 694243
2 6297100
2 2321870
2 7168134
2 8749118
2 2750888
2 1737185
2 6956355
2 5220852
2 1650847
2 7570505
2 1401052
2 2444351
2 1956814
2 2063074
2 1780652
2 989676
2 8229338
2 785635
2 5454919
2 8623657
2 3707976
2 607329
2 5198106
2 2444705
2 385504
2 8792503
2 7410242
2 4218786
2 3687113
2 3541877
2 4913028
2 9984212
2 8380099
2 4597514
2 1249681
2 1130986
2 6334698
2 722387
2 8868190
2 501896
2 8292891
2 269241
2 2946246
2 2766057
2 2332314
2 4726898
2 6272084
2 3078003
2 5512532
2 1727003
2 1701660
2 1736859
2 4850683
2 9416117
2 4181563
2 7752539
2 8208619
2 1591805
2 1971324
2 1895731
2 7650033
2 9400703
2 4396294
2 8546483
2 3998216
2 8162326
2 9677469
2 2849266
2 1401065
2 8545658
2 3351161
2 2210307
2 1331250
2 6297407
2 4976363
2 6179916
2 3540656
2 1248447
2 9257918
2 1569539
2 5491801
2 959577
2 3306397
2 342483
2 2892046
2 4311
2 8095021
2 3617016
2 4112467
2 66344
2 8029099
2 4278852
2 9467047
2 4941744
2 2825334
2 3465262
2 5620422
2 2502802
2 8830879
2 7021486
2 3564811
2 2182040
2 9231792
2 7412413
2 995798
2 4208155
2 3592328
2 4536453
2 5456601
2 2850245
2 8622343
2 948401
2 6326174
2 4445091
2 3807235
2 1734571
2 4449401
2 1902256
2 5351586
2 8561868
2 4484951
2 3380684
2 2840719
2 3951997
2 838780
2 5666052
2 9933611
2 6459201
2 685206
2 8764489
2 3480686
2 6766368
2 3462880
2 2712477
2 4178780
2 4458677
2 9436983
2 287459
2 8995129
2 7409935
2 3137704
2 133823
2 874687
2 1980229
2 4578913
2 4681922
2 3714799
2 9028314
2 6584177
2 1582736
2 7590181
2 3585479
2 7479772
2 430899
2 7537476
2 8318551
2 8613302
2 9987438
2 4777751
2 9298507
2 1268278
2 774788
2 8581227
2 4731158
2 6003616
2 2760006
2 9189834
2 5440599
2 5563817
2 701315
2 2850533
2 8701520
2 835137
2 3725220
2 3198100
2 5414050
2 923493
2 9429250
2 4442363
2 24021
2 1011985
2 4548895
2 3609499
2 8491756
2 7496145
2 3663326
2 9326658
2 6109446
2 3650763
2 4104408
2 7924305
2 7435393
2 7395547
2 6505531
2 2166550
2 3399163
2 1781888
2 3872735
2 8839761
2 7345704
2 4574049
2 4206645
2 8563575
2 7925538
2 448216
2 1761674
2 5855939
2 1371708
2 1190923
2 2814653
2 1395728
2 4719260
2 7363547
2 5005227
2 3211015
2 7376043
2 8668552
2 5054025
2 3485488
2 4835667
2 1674784
2 3926144
2 2271059
2 9070331
2 431674
2 6953960
2 2469493
2 4729914
2 826694
2 3825605
2 2075617
2 7917095
2 8032249
2 639192
2 5842632
2 996817
2 4917217
2 1698570
2 2368524
2 8624492
2 7029574
2 6280604
2 3343751
2 4393120
2 3802182
2 9071117
2 4285514
2 4987085
2 4125141
2 7771001
2 9822751
2 5799925
2 4213497
2 4610161
2 4870255
2 7161522
2 1564120
2 9856099
2 1891435
2 4907166
2 3681703
2 3967052
2 2824260
2 4230303
2 7122595
2 1183243
2 5227119
2 2039811
2 5398164
2 111995
2 3180654
2 2427737
2 6392598
2 6524404
2 9337208
2 194779
2 5595521
2 3622721
2 5181863
2 2237013
2 3910073
2 7520966
2 8036937
2 8123569
2 2131126
2 5423543
2 7801443
2 6211598
2 5279641
2 9692877
2 1118763
2 1477695
2 6176280
2 6459374
2 5707998
2 5815226
2 158968
2 3451468
2 371389
2 5557131
2 3563462
2 3552042
2 501219
2 2472411
2 76446
2 9838426
2 5183541
2 8188318
2 5977498
2 365404
2 425330
2 9887570
2 402721
2 8462267
2 527491
2 5050198
2 3885809
2 8328933
2 3778147
2 1681802
2 538161
2 7413261
2 3159496
2 6714441
2 3872634
2 1383845
2 5046018
2 4031601
2 4835313
2 5417406
2 2105083
2 915126
2 8969448
2 2606301
2 3387537
2 1562245
2 4961078
2 8571077
2 9750562
2 938575
2 1452832
2 175891
2 826145
2 4371904
2 1154509
2 3869987
2 9422102
2 7556670
2 2198919
2 5716600
2 9238471
2 2737079
2 3129861
2 2397966
2 1967871
2 9518846
2 3781811
2 7013889
2 3550447
2 8617123
2 4947646
2 8171881
2 2048600
2 3917093
2 778182
2 7952488
2 7995689
2 8255611
2 9039917
2 7746250
2 9194186
2 492748
2 438493
2 2536682
2 7381004
2 4109353
2 6406668
2 9319457
2 1666022
2 1121938
2 5036056
2 904492
2 3859016
2 8165916
2 3302458
2 8343239
2 7684762
2 7084268
2 7873479
2 3751560
2 8217742
2 2821124
2 1923440
2 2782693
2 9254569
2 5217973
2 735181
2 7250257
2 5989936
2 9775097
2 7512859
2 5184121
2 2784196
2 467703
2 7720802
2 165199
2 4577055
2 6643821
2 9484655
2 6243077
2 7765758
2 7037063
2 7147568
2 1624773
2 5202978
2 2966377
2 2484363
2 5404091
2 2566996
2 357841
2 1672002
2 3301089
2 5695317
2 6111794
2 6083782
2 4949885
2 1329766
2 6818962
2 4716493
2 7319701
2 6594058
2 4745703
2 5020173
2 1894605
2 5213405
2 5257326
2 2059804
2 9790460
2 1901146
2 4060810
2 8549888
2 9666903
2 1097872
2 5697455
2 3808028
2 8817202
2 1180184
2 8808742
2 6737644
2 3747179
2 9166583
2 8409646
2 7048268
2 7378251
2 4521439
2 3132049
2 2328135
2 8367556
2 2467362
2 9560979
2 8203609
2 1577771
2 4306682
2 3223781
2 3472375
2 2036438
2 8481107
2 8048530
2 1826897
2 2898604
2 2109340
2 2893136
2 5081859
2 5723563
2 8590591
2 8889886
2 7057116
2 2287126
2 7698627
2 3794760
2 6034304
2 9381561
2 2204405
2 5598923
2 6759811
2 6725843
2 8730971
2 1604297
2 5093398
2 3714684
2 3681628
2 3297006
2 5292454
2 7988309
2 9037139
2 8764829
2 24746
2 34597
2 9329710
2 4367995
2 2933200
2 1439049
2 7261130
2 8015058
2 9678964
2 8368072
2 9421295
2 6736079
2 655197
2 9636274
2 3047190
2 9205853
2 9017834
2 5251594
2 4804775
2 8293997
2 4493788
2 6052098
2 2414645
2 2103538
2 9766781
2 6096272
2 7916895
2 5059235
2 4084580
2 6954033
2 6340415
2 6625678
2 6988629
2 5670124
2 3510024
2 2438181
2 9625525
2 3287505
2 2969590
2 9304488
2 1655577
2 2390885
2 8556918
2 4827125
2 2027158
2 1604108
2 4032977
2 3561343
2 9372053
2 1354104
2 4371691
2 3865841
2 7406201
2 6786336
2 5969378
2 7172981
2 2882607
2 3886272
2 4748567
2 9483539
2 3356657
2 1088981
2 8625568
2 2861637
2 9275457
2 2135591
2 7816169
2 8900981
2 5423095
2 785759
2 721820
2 9595023
2 5692995
2 1795089
2 4422148
2 236504
2 3399196
2 971476
2 6314198
2 5287601
2 2325579
2 685889
2 1669793
2 2248131
2 7472224
2 7639170
2 1937464
2 2871182
2 4041793
2 6686030
2 2354720
2 9914801
2 7775011
2 980287
2 5292790
2 7050467
2 5632229
2 3108958
2 8467799
2 1055324
2 3894716
2 9189618
2 3166698
2 2104062
2 984706
2 105197
2 2340565
2 6900254
2 1076673
2 8654763
2 4704206
2 5918603
2 9340651
2 6373998
2 683086
2 9329226
2 6529519
2 2620549
2 2200407
2 3087663
2 9306578
2 7071479
2 3002464
2 9597940
2 568117
2 8295253
2 9164758
2 6200346
2 3920562
2 7632556
2 9772021
2 7815278
2 9338525
2 2938718
2 2435691
2 2839583
2 3043915
2 4776256
2 2256188
2 6636939
2 3431018
2 6960393
2 5071893
2 5288020
2 5850742
2 5754978
2 7133597
2 2380260
2 8375526
2 9334003
2 7984274
2 198456
2 8921833
2 986737
2 9796395
2 9489950
2 1798341
2 1477505
2 5690295
2 5718903
2 9110060
2 5462315
2 6050532
2 964937
2 917384
2 8486222
2 6320871
2 3961298
2 5778829
2 8577058
2 3114588
2 1726198
2 8053802
2 8186481
2 9530569
2 6420895
2 3941458
2 6664165
2 8801154
2 4833336
2 8514520
2 6785427
2 5031791
2 7436352
2 288516
2 7344537
2 9442653
2 4603208
2 8822041
2 5132947
2 2838462
2 448453
2 3111613
2 1405345
2 1413389
2 4028997
2 2407919
2 250611
2 506646
2 8186747
2 1344020
2 3621234
2 2429297
2 9397821
2 4324066
2 1959865
2 8335067
2 8265523
2 8624030
2 7136220
2 5615210
2 7138549
2 6437998
2 3163352
2 7091252
2 9242865
2 507889
2 6533905
2 3846073
2 9329929
2 4183203
2 9200886
2 2294733
2 7294816
2 606231
2 6224473
2 3840164
2 3014149
2 6475083
2 6863161
2 3717247
2 7819102
2 3000746
2 6146543
2 9733274
2 7324811
2 8106408
2 8068340
2 8106686
2 6730437
2 7720911
2 3721895
2 6385337
2 6675261
2 6885247
2 5992940
2 5918125
2 9909487
2 2526844
2 2280549
2 1755767
2 9226399
2 1481435
2 4050500
2 6521214
2 4604017
2 274972
2 2877729
2 7618165
2 9266407
2 9740889
2 1335411
2 7085508
2 2741635
2 9998306
2 9335134
2 66445
2 8104713
2 7403473
2 689482
2 7351501
2 7640736
2 4411377
2 6253189
2 4315996
2 3812975
2 2246128
2 2750472
2 3722461
2 7289324
2 5031021
2 5478227
2 9032074
2 9028807
2 9528726
2 5553287
2 3632823
2 2320050
2 947367
2 3767339
2 1586456
2 3204607
2 7619101
2 1188315
2 8462593
2 7617406
2 523448
2 1045390
2 8238470
2 443273
2 1734871
2 8106322
2 8084008
2 6146247
2 4359510
2 4916355
2 9959221
2 9121990
2 7666826
2 6198033
2 8927665
2 5214198
2 1676260
2 7959738
2 6759356
2 1204985
2 6029376
2 2908530
2 3525034
2 9493094
2 6675868
2 7627841
2 2697700
2 6811321
2 8816156
2 1160293
2 4428726
2 9339603
2 4722034
2 5183548
2 2299227
2 6456904
2 3289869
2 383234
2 5119503
2 165731
2 7815940
2 7595075
2 9287720
2 7999118
2 3793108
2 731736
2 3213315
2 5469367
2 8691473
2 2489023
2 9190703
2 7237200
2 5397552
2 5232089
2 6730293
2 4589772
2 2859929
2 9427992
2 1401092
2 4192436
2 3104636
2 8346169
2 3532039
2 7826669
2 3529716
2 5831265
2 4283573
2 9335937
2 8730851
2 1919427
2 9501667
2 9063142
2 9514501
2 1305738
2 7062259
2 3307608
2 2037473
2 2791926
2 1293326
2 728945
2 5280948
2 484029
2 7966144
2 3194851
2 5716117
2 4696436
2 7784622
2 1092397
2 6640779
2 9185713
2 5284833
2 9745415
2 7531882
2 1333223
2 88435
2 3577949
2 9680839
2 6888359
2 2913885
2 928041
2 8807785
2 4931903
2 9991183
2 8322286
2 6237640
2 9569793
2 4146245
2 8275112
2 2361718
2 5439571
2 1520408
2 159017
2 5923599
2 2002903
2 3353868
2 4156067
2 9215690
2 3654841
2 7764815
2 5856469
2 2840554
2 3049647
2 8118235
2 2888787
2 6899221
2 8206669
2 8983087
2 6580060
2 5095028
2 4413324
2 24452
2 6419164
2 9345226
2 15634
2 4741449
2 5582866
2 9585427
2 8887694
2 3857977
2 4463496
2 4327264
2 5378385
2 7138865
2 2767214
2 9897639
2 492732
2 6923280
2 9113329
2 4147572
2 7204446
2 4969797
2 9504477
2 2770445
2 3088031
2 4909615
2 9669665
2 3811051
2 6409054
2 8766076
2 1422430
2 822377
2 8790528
2 7841594
2 2683954
2 1322513
2 5099394
2 8266819
2 3424291
2 3987087
2 4641148
2 7887787
2 830702
2 2535884
2 5026651
2 3597915
2 2433522
2 8035734
2 3037546
2 1546850
2 4699657
2 2758344
2 6516646
2 6720486
2 5528788
2 2121028
2 4146452
2 5198452
2 8448431
2 555505
2 6480880
2 2387212
2 3894233
2 7787759
2 228805
2 6578187
2 9110271
2 7844551
2 4845005
2 2534562
2 1831637
2 2002504
2 2938700
2 5178691
2 4538387
2 481702
2 1292957
2 6971909
2 1033787
2 6846855
2 1035110
2 8249795
2 9605198
2 68108
2 4970280
2 5133985
2 4705487
2 1633084
2 2848788
2 3153917
2 4704940
2 1846019
2 5541129
2 8599173
2 9633777
2 8286285
2 5177359
2 8744048
2 6130835
2 2538715
2 3794961
2 478824
2 7057571
2 9250012
2 8173866
2 1595957
2 2248065
2 9466822
2 1084217
2 5798203
2 8830028
2 2119327
2 4047997
2 951577
2 4703786
2 1534629
2 8601913
2 9409272
2 3167712
2 1450701
2 5079541
2 389003
2 5813071
2 3137021
2 8988175
2 5446848
2 1423305
2 6681885
2 6707247
2 70492
2 1736952
2 502207
2 3065667
2 8794522
2 2268570
2 1239532
2 2906830
2 4516634
2 3222705
2 3991047
2 314836
2 2052733
2 8626725
2 6879184
2 3004309
2 3330510
2 8413812
2 1606222
2 5256133
2 4097875
2 5573274
2 335673
2 4486878
2 1386344
2 3472693
2 5991404
2 9349543
2 4895998
2 2673289
2 6056789
2 7482841
2 6926592
2 6558995
2 548507
2 5721113
2 1343916
2 4304390
2 8627942
2 5860549
2 7527094
2 5135340
2 8691736
2 2096178
2 6278416
2 5570920
2 5100487
2 2125277
2 6501083
2 9223060
2 7381410
2 598958
2 7312685
2 7717082
2 7602187
2 8699028
2 3706127
2 3593590
2 564923
2 1118476
2 6266878
2 6621711
2 8601316
2 3193469
2 5697058
2 1666174
2 1430933
2 7040973
2 5970563
2 2575227
2 5417874
2 6014008
2 226918
2 4109609
2 8110186
2 6505334
2 2196880
2 5727024
2 1146962
2 1214315
2 4950083
2 8528371
2 1813272
2 2262767
2 8761805
2 1931810
2 3478146
2 2467931
2 5525399
2 4043068
2 3586406
2 4308629
2 664779
2 4704073
2 18449
2 8878188
2 6370246
2 1449382
2 5919160
2 4857160
2 6540960
2 3853385
2 871167
2 6767877
2 479346
2 8981352
2 3273210
2 2676225
2 4708375
2 4420172
2 3890539
2 9658457
2 5464894
2 8220162
2 4437575
2 6743050
2 151971
2 432073
2 9210980
2 8193722
2 6991492
2 5313737
2 2502350
2 172622
2 17809
2 2520798
2 9050809
2 8904406
2 6486531
2 4969969
2 3761565
2 3027490
2 8823353
2 4632732
2 9795367
2 9302698
2 3614083
2 5584928
2 4495275
2 838810
2 2521451
2 902165
2 3013618
2 502697
2 1638679
2 7451193
2 7245746
2 4307001
2 399617
2 6456726
2 2500722
2 7391108
2 4286814
2 7519423
2 7563730
2 6820975
2 40221
2 6614538
2 5725380
2 9043103
2 4100858
2 2003297
2 2070593
2 5440563
2 6636028
2 1865959
2 4743260
2 2766462
2 9967238
2 1754886
2 3605271
2 2488689
2 5173403
2 9135241
2 2991385
2 6812081
2 6586433
2 237130
2 1119081
2 9502401
2 9210207
2 6136155
2 6893508
2 6013373
2 3655577
2 4457237
2 2834347
2 6212149
2 1071775
2 1076078
2 5255252
2 5172632
2 3079374
2 9842196
2 613194
2 9715401
2 4224506
2 7872806
2 4998215
2 4191743
2 2144043
2 1119837
2 9196783
2 7317445
2 255077
2 4704519
2 4129525
2 9357861
2 7458001
2 7764958
2 8860261
2 6668207
2 3901112
2 5753769
2 5197931
2 73040
2 2727357
2 8032277
2 6285189
2 3799131
2 9108355
2 4056792
2 1488115
2 2187728
2 6415339
2 4617660
2 4419481
2 639844
2 5006817
2 1934047
2 4831586
2 7150860
2 3053883
2 6544721
2 4468304
2 5825312
2 1249239
2 1114181
2 5183172
2 8707239
2 1395490
2 6559785
2 7891798
2 5296601
2 4829905
2 3089728
2 7885992
2 7557261
2 1122005
2 6687532
2 1356392
2 2746711
2 3260675
2 5360858
2 7450790
2 9676013
2 9978517
2 1870270
2 315856
2 7501686
2 3804316
2 7663794
2 4652545
2 9374551
2 4208514
2 1637200
2 5199862
2 7974104
2 5267732
2 383033
2 6681343
2 6663221
2 9459169
2 7089492
2 4476173
2 4289073
2 179219
2 4878517
2 1846334
2 3817575
2 1566048
2 5719077
2 9080637
2 4826723
2 1079934
2 6531427
2 4502735
2 3574802
2 8401696
2 7334943
2 1076487
2 4722364
2 7515088
2 8245383
2 4096914
2 1723601
2 2398935
2 9296775
2 2214056
2 183018
2 2196159
2 1411750
2 6846239
2 1655328
2 8501241
2 3838763
2 8460752
2 8680460
2 8717279
2 307085
2 5014386
2 2799679
2 6026161
2 4095023
2 7626401
2 9622446
2 626449
2 4645487
2 3197248
2 1544496
2 4496781
2 6790086
2 6266859
2 2011868
2 7551821
2 2880124
2 6251820
2 2467107
2 2176898
2 8465876
2 2650124
2 6889409
2 9877625
2 2012714
2 1061088
2 8378866
2 5851477
2 9521839
2 9575677
2 7085107
2 9828924
2 7106414
2 9884785
2 8371436
2 1201436
2 27537
2 7993882
2 4344236
2 7189376
2 3707481
2 5888732
2 1686156
2 3013918
2 4671942
2 3698024
2 565738
2 7552066
2 2466195
2 5549196
2 9728963
2 932070
2 8199320
2 9134723
2 3326047
2 212033
2 195810
2 4221264
2 8579861
2 9717649
2 3796940
2 5664968
2 2062924
2 903353
2 8066104
2 434359
2 4621141
2 8093641
2 8428240
2 8965376
2 7799368
2 2135720
2 4854107
2 9485523
2 5149638
2 9526049
2 5699898
2 8231727
2 9594466
2 682445
2 3780923
2 9323428
2 1614514
2 4496594
2 974503
2 7456912
2 4708626
2 1170312
2 1678175
2 5804839
2 3404312
2 5475114
2 3986158
2 5467235
2 8894819
2 4568613
2 5901594
2 6032311
2 5178605
2 6846185
2 4997686
2 2977972
2 1498257
2 2368145
2 4979847
2 6647894
2 4410545
2 679744
2 7395972
2 4005010
2 3878540
2 3693246
2 5844789
2 5493054
2 8189839
2 6819291
2 2949965
2 5414817
2 505955
2 7144492
2 1219655
2 3910266
2 2619605
2 7722164
2 9377501
2 4030775
2 2290776
2 7795446
2 63085
2 7469381
2 4641630
2 7577123
2 447352
2 6139886
2 9945267
2 5427198
2 5304131
2 6872163
2 8623294
2 5216455
2 877172
2 2501833
2 8909700
2 9238312
2 511238
2 7099539
2 6057603
2 5977555
2 5030707
2 9079909
2 3122046
2 8766713
2 2990174
2 8258002
2 6488876
2 4884026
2 4805129
2 1296003
2 2679471
2 7384565
2 8765383
2 7321101
2 4961687
2 1729087
2 5977338
2 7423305
2 9672636
2 1281469
2 4295467
2 812281
2 6497923
2 7688990
2 5830466
2 7923974
2 6927302
2 8858055
2 7539864
2 5501256
2 4835609
2 2570570
2 4581164
2 474006
2 1337282
2 87689
2 1248360
2 342509
2 4971715
2 8569840
2 4154864
2 7651185
2 5954404
2 2920246
2 7488637
2 916091
2 7165684
2 3465975
2 855747
2 9354672
2 7263795
2 5151214
2 166952
2 6278069
2 5356555
2 8513769
2 6718394
2 2283856
2 7371824
2 4258258
2 301463
2 4723784
2 9345179
2 7398978
2 7714142
2 3198813
2 7486667
2 8962501
2 3541321
2 2458381
2 7532340
2 7696184
2 2625917
2 6003095
2 3132782
2 2630906
2 6919185
2 2814817
2 6096880
2 7774932
2 2169488
2 5877026
2 5442497
2 4852792
2 4671446
2 799051
2 3366560
2 1389839
2 5599259
2 738383
2 5648096
2 8417073
2 5462167
2 4993275
2 5816051
2 3176308
2 8192087
2 5819069
2 4655160
2 4249759
2 793801
2 4703851
2 4462295
2 3419717
2 706945
2 111428
2 8566974
2 142482
2 2926244
2 4663853
2 433765
2 5095732
2 3057230
2 8392613
2 9948523
2 7728675
2 9191663
2 3315082
2 9118514
2 7307273
2 6569817
2 4766609
2 5724346
2 4548335
2 2276235
2 4056748
2 240994
2 2984673
2 9875816
2 4896153
2 7234432
2 669616
2 2116355
2 4213078
2 6605684
2 2823299
2 4324505
2 5172658
2 5482132
2 7250748
2 2352862
2 5915896
2 4862831
2 5410092
2 6824860
2 7327705
2 5655118
2 6016523
2 3159139
2 4773631
2 5840147
2 9728955
2 2056592
2 4080844
2 6793641
2 6849178
2 8137591
2 7034634
2 9833851
2 8013406
2 4447138
2 9584634
2 1199373
2 6563492
2 3797711
2 321409
2 1903142
2 638567
2 8010418
2 9901626
2 405666
2 2879631
2 8333873
2 5268497
2 806074
2 5158733
2 2596201
2 6461192
2 3691607
2 8271691
2 3751174
2 9531753
2 516997
2 5807765
2 3612597
2 7310637
2 5173295
2 1750187
2 4345270
2 5007145
2 2279945
2 8792407
2 7108130
2 5995669
2 7872250
2 905840
2 8833429
2 2291744
2 1544406
2 6843846
2 2193369
2 1950071
2 2239829
2 3043593
2 9734919
2 3045902
2 8202325
2 4847472
2 9507093
2 1893931
2 3119162
2 5774619
2 1425684
2 3636159
2 4098735
2 7554632
2 946795
2 9272029
2 9304818
2 7808417
2 4279173
2 4101114
2 9117175
2 3903654
2 2613135
2 9505777
2 4809493
2 1446563
2 4313872
2 8870250
2 806761
2 9023592
2 3336673
2 3046589
2 2067184
2 5587943
2 6092490
2 269509
2 435414
2 8115935
2 2163439
2 6070928
2 6406905
2 6105474
2 2223438
2 505639
2 3660105
2 5686584
2 9777668
2 5481275
2 6011352
2 6573192
2 2098740
2 5128527
2 476846
2 4711874
2 7150655
2 7802690
2 6158437
2 1464526
2 9189292
2 6965197
2 488117
2 2525964
2 2528137
2 2555300
2 630258
2 1136978
2 2824808
2 3582024
2 9252912
2 7504599
2 9652951
2 5659816
2 3610072
2 4392740
2 8681807
2 9786529
2 79323
2 8459474
2 7784155
2 8607027
2 7549017
2 9882894
2 3735553
2 8025862
2 4594768
2 886207
2 8344904
2 753204
2 2350732
2 7534195
2 234752
2 2838848
2 2576510
2 5279240
2 7910499
2 3206767
2 6416217
2 735307
2 6788790
2 8185481
2 756257
2 8958092
2 6361648
2 6882680
2 5867183
2 5043454
2 6669208
2 8462858
2 6019279
2 4453362
2 7069884
2 3568296
2 4336256
2 3321788
2 4110509
2 1447375
2 4207994
2 2455412
2 4716930
2 9075077
2 9989606
2 4951681
2 4430276
2 5082467
2 2747272
2 2340774
2 8289234
2 9163488
2 5592432
2 7594375
2 9865320
2 6348688
2 9068819
2 6226968
2 3231368
2 7452353
2 3786773
2 9900575
2 5915210
2 9806052
2 6870289
2 2985093
2 5890699
2 3722896
2 6306880
2 1207
2 5170270
2 3031225
2 2456619
2 9887199
2 4622653
2 4962576
2 7355231
2 9052928
2 45043
2 102502
2 1393702
2 850628
2 1782341
2 9502485
2 961354
2 1647661
2 5851173
2 2546524
2 390980
2 9082540
2 9998877
2 4177752
2 1499466
2 5914086
2 6500155
2 886106
2 1415531
2 2390853
2 4609001
2 238762
2 2392060
2 9779270
2 5786339
2 7365030
2 9666468
2 408991
2 4843957
2 9538050
2 9461919
2 7405351
2 9640551
2 3371972
2 8255978
2 1422892
2 2874456
2 1733684
2 5586904
2 1241980
2 4280207
2 5977883
2 2840871
2 4279083
2 155634
2 6856689
2 2709521
2 6655789
2 7742794
2 6641403
2 1562993
2 4868147
2 6880164
2 3955052
2 7163768
2 2666502
2 3836433
2 6830236
2 5591845
2 8680390
2 8884637
2 5053763
2 6085740
2 8525188
2 942086
2 6858070
2 2464431
2 6332893
2 8591753
2 8051334
2 7574873
2 5388311
2 4029216
2 2932095
2 2183746
2 6701201
2 9788783
2 7409618
2 5873341
2 47929
2 4051020
2 7436334
2 4916075
2 3447535
2 3907737
2 2079842
2 8630389
2 7744170
2 1426429
2 4222233
2 8940911
2 311066
2 1792347
2 7543002
2 1352605
2 2734432
2 4401071
2 3817035
2 1583676
2 5509175
2 4384720
2 9158548
2 897486
2 8413935
2 4606995
2 5597583
2 7631487
2 4395777
2 3007200
2 3504828
2 4443705
2 7058219
2 3457513
2 1876131
2 3022105
2 9881601
2 3955973
2 1652493
2 7625770
2 7898753
2 8391077
2 9083032
2 8209818
2 183423
2 6626034
2 9562422
2 5434206
2 3543456
2 5895808
2 7017882
2 9052631
2 280527
2 8692781
2 2466468
2 1210813
2 3299775
2 8064050
2 8842300
2 7695552
2 3587601
2 4863479
2 4655608
2 645819
2 837343
2 6531739
2 6184275
2 718943
2 3004063
2 7836768
2 861065
2 902815
2 6227844
2 9944096
2 1628985
2 6411267
2 9086481
2 3707758
2 4361824
2 2629937
2 9603566
2 1379705
2 4198919
2 2400444
2 72486
2 6665386
2 3611257
2 5888612
2 7245787
2 4969908
2 6100515
2 833387
2 2349738
2 756123
2 3995557
2 3187080
2 9804213
2 179831
2 3906022
2 2808275
2 532950
2 7283438
2 6227441
2 6760794
2 9743886
2 7856425
2 5688412
2 8830366
2 1564183
2 2566587
2 3976654
2 3684100
2 3946292
2 8175572
2 6084543
2 6535129
2 7357309
2 9695799
2 2423740
2 7119447
2 7182058
2 8524255
2 469185
2 9531795
2 1796729
2 6981093
2 2718874
2 1600941
2 7160924
2 9141248
2 6925567
2 210225
2 8941037
2 3153007
2 6971018
2 8684922
2 1009432
2 5175781
2 31640
2 5089966
2 7742368
2 4008293
2 8774065
2 4205011
2 4700217
2 4858607
2 3256491
2 4573877
2 7070758
2 5680230
2 4209676
2 6769167
2 6720836
2 4678860
2 6300962
2 1033916
2 1659953
2 1536187
2 2634856
2 1337228
2 3193786
2 2076774
2 1547452
2 2134823
2 5229781
2 1034822
2 819744
2 8755564
2 8726954
2 3367735
2 3845529
2 8985673
2 9892380
2 2619593
2 5707035
2 4592596
2 9994551
2 8963525
2 1682824
2 9581660
2 7160107
2 5892499
2 6350827
2 3880942
2 3087711
2 2651788
2 4914858
2 7264015
2 6704326
2 66065
2 8601242
2 9898112
2 2142839
2 2665045
2 2032934
2 7372619
2 3699866
2 5369029
2 8644534
2 4943172
2 8736764
2 2490062
2 3928844
2 1145495
2 7626006
2 9635879
2 5738090
2 136908
2 8599403
2 9937265
2 9718568
2 8275861
2 8346116
2 8585746
2 2156803
2 3950178
2 3753885
2 9588012
2 1214192
2 458210
2 9654076
2 2331785
2 2872673
2 4313266
2 4996829
2 4905606
2 4202236
2 1213047
2 2790987
2 2846769
2 6156218
2 4044102
2 5336830
2 2601413
2 5189596
2 5479187
2 4753643
2 3444037
2 5616095
2 5869398
2 5897653
2 7851014
2 4145258
2 4243768
2 6436759
2 6302060
2 8193945
2 190643
2 8406423
2 9408136
2 3165204
2 8060499
2 4256272
2 6037877
2 4890116
2 9253101
2 3459834
2 9092352
2 466147
2 6250820
2 1939120
2 9138716
2 2811273
2 9792302
2 4256480
2 8000868
2 5271488
2 9010123
2 3961256
2 3403934
2 4879520
2 9858909
2 1254947
2 9024777
2 4102676
2 7691705
2 7843189
2 4812973
2 398699
2 6249611
2 6737460
2 6080255
2 6826461
2 993732
2 2118131
2 1716577
2 246832
2 5577964
2 808928
2 3229330
2 4345136
2 5264399
2 4884397
2 7156408
2 5056700
2 9140876
2 7673628
2 328188
2 8150998
2 1634883
2 3732121
2 5546869
2 1493791
2 4987068
2 7087998
2 8112819
2 5195124
2 4931186
2 2925791
2 8110175
2 3697148
2 9663250
2 4190429
2 3039961
2 3173333
2 8824911
2 7272889
2 5936516
2 6919226
2 8081816
2 1682197
2 1264361
2 5862566
2 6566593
2 937121
2 919266
2 8223821
2 8610748
2 1247453
2 6374818
2 2761982
2 7495925
2 4438039
2 6772125
2 4999344
2 1526036
2 4884943
2 2710820
2 6457221
2 327085
2 820994
2 2670720
2 2506686
2 7527774
2 5710680
2 5680019
2 6352684
2 2983568
2 1616534
2 3271909
2 3581735
2 3298731
2 7052622
2 9444301
2 9865323
2 7989742
2 363566
2 605495
2 9116841
2 4127370
2 9496665
2 4395174
2 1623294
2 3934703
2 1167298
2 9138990
2 5460738
2 8568592
2 1849809
2 4434310
2 8895676
2 2670802
2 9621381
2 1402362
2 2714927
2 5332061
2 7082380
2 9067610
2 831980
2 1215265
2 4855870
2 4413715
2 4513995
2 1908491
2 6374367
2 6895670
2 2414584
2 9254284
2 7501164
2 4047776
2 3381653
2 6997828
2 8442950
2 7521298
2 3448882
2 2126599
2 6660287
2 8909619
2 695191
2 8510095
2 5860280
2 9590866
2 3697248
2 5481661
2 3509579
2 6412174
2 813721
2 591958
2 5479783
2 4162052
2 1807223
2 2852005
2 8575766
2 8837569
2 4760495
2 7466484
2 5733238
2 9691431
2 6720767
2 5750754
2 3739206
2 2618771
2 5264933
2 4698507
2 140069
2 8713815
2 6825106
2 9316707
2 139785
2 7520296
2 7826802
2 6000065
2 9627513
2 4040401
2 1481725
2 3137092
2 452575
2 4811797
2 6245401
2 8448709
2 8973848
2 568975
2 1300713
2 65966
2 9406544
2 8577560
2 7532449
2 7656133
2 785342
2 6769568
2 5923238
2 7040899
2 9388338
2 1188171
2 1739406
2 2044758
2 9901985
2 8564511
2 1361465
2 41769
2 8601158
2 1704618
2 8558185
2 8228670
2 5745018
2 39909
2 3882113
2 8713944
2 7368057
2 127514
2 7162653
2 8858257
2 696488
2 979717
2 8924222
2 103031
2 2073628
2 8973022
2 275516
2 5375321
2 5742589
2 6198753
2 2416220
2 7647279
2 7386923
2 4155625
2 9692036
2 9805259
2 5236487
2 1053500
2 9847028
2 3837644
2 2758117
2 8405212
2 4582665
2 1019487
2 961473
2 8464778
2 9733430
2 8329529
2 8592291
2 9412434
2 9704137
2 9288778
2 2908503
2 8628358
2 1908161
2 7498482
2 117732
2 2183676
2 2873803
2 8376672
2 8382428
2 5290022
2 6023950
2 5769351
2 1961998
2 5715986
2 8090961
2 7198484
2 9285837
2 7937988
2 1036127
2 4560306
2 8859552
2 5618791
2 5579792
2 2337376
2 6599920
2 5313221
2 3183256
2 5192210
2 7242007
2 2887393
2 6997340
2 150509
2 4032102
2 8905500
2 7648990
2 4149833
2 1089175
2 522792
2 5042857
2 1987954
2 8329165
2 1066806
2 273656
2 291162
2 9299143
2 8364617
2 7489645
2 1101332
2 8818956
2 1042123
2 5661637
2 7678507
2 9177266
2 1241428
2 2532234
2 5777185
2 9071000
2 5715490
2 3485747
2 8829358
2 8602882
2 483086
2 8979866
2 2634983
2 9388585
2 9145208
2 9301168
2 2994111
2 9667999
2 4344024
2 7498416
2 513516
2 7927181
2 7772072
2 804677
2 9742676
2 8653040
2 810674
2 844007
2 7471995
2 1852796
2 6505643
2 7666854
2 3546413
2 263422
2 199087
2 1839950
2 1850773
2 8430928
2 5325696
2 680131
2 7033809
2 5808781
2 2176348
2 2185144
2 7713717
2 1321555
2 1486311
2 3224179
2 3505906
2 8346686
2 722594
2 4019421
2 6273866
2 1011017
2 7340449
2 8532893
2 2180408
2 8151122
2 9376899
2 2168755
2 2520270
2 8398893
2 9835608
2 6066682
2 1178666
2 2551046
2 7906631
2 3029439
2 981974
2 3232326
2 6225921
2 8015782
2 1557458
2 918620
2 2717277
2 9271174
2 2240175
2 6719939
2 5011704
2 8262432
2 5066624
2 8250650
2 4798204
2 3856842
2 1778018
2 2138652
2 2389734
2 3958426
2 289774
2 1766633
2 6127180
2 2810043
2 2681877
2 8479139
2 8876724
2 3860543
2 1030184
2 9299707
2 9406333
2 4528509
2 2532032
2 8148605
2 5060643
2 6605842
2 9067224
2 7777919
2 5877015
2 3823750
2 4497858
2 3405071
2 4602533
2 9564481
2 1655720
2 9400736
2 5937674
2 5950089
2 1539388
2 8327408
2 2424866
2 1829161
2 2610392
2 8552045
2 7155555
2 5292268
2 9547535
2 6032278
2 1669162
2 577719
2 7848336
2 3591846
2 5106227
2 380368
2 1740450
2 2683221
2 6986209
2 3324026
2 461140
2 5379575
2 7147775
2 4958997
2 1300997
2 4266660
2 7039829
2 5473068
2 3667395
2 5493855
2 1423157
2 5206782
2 3821262
2 3848022
2 9552294
2 8948005
2 4916419
2 6707848
2 6756624
2 4463953
2 5256478
2 8425786
2 7558023
2 3104813
2 2017631
2 5180602
2 3485180
2 6274433
2 7863822
2 2987740
2 9598458
2 8324961
2 883667
2 9262584
2 5800309
2 2184663
2 3529243
2 5356490
2 7657731
2 7196638
2 850344
2 9080887
2 4919771
2 7187957
2 5445260
2 4472065
2 8652313
2 361678
2 1179912
2 5408936
2 4825631
2 6436389
2 6351073
2 4900005
2 9541202
2 885056
2 80606
2 5542733
2 7159488
2 7944428
2 1046825
2 6757945
2 8785740
2 1930491
2 8536880
2 4586049
2 4115153
2 4582475
2 2458890
2 1772883
2 1779112
2 5825585
2 3370121
2 9215234
2 3013541
2 8815381
2 3687298
2 1665853
2 1693410
2 7383562
2 9591140
2 9035392
2 3819950
2 5942213
2 3935397
2 5877503
2 6827268
2 4016002
2 1420236
2 3986755
2 4476781
2 4983412
2 3261051
2 3262521
2 6913902
2 4314282
2 364921
2 1029054
2 8896756
2 2823810
2 5318289
2 3192219
2 8649394
2 1204761
2 2407453
2 4179286
2 2536493
2 6094750
2 8361490
2 6746255
2 5994663
2 7952629
2 5781646
2 9814613
2 3894841
2 9717042
2 8208467
2 722108
2 6249396
2 2145054
2 7225214
2 726176
2 7128465
2 3002616
2 6505048
2 4042366
2 7316898
2 9386320
2 7587772
2 6213653
2 2210129
2 5422412
2 9405872
2 3375874
2 6627172
2 1813324
2 71511
2 1680017
2 424425
2 8433000
2 8426271
2 6419088
2 8901981
2 4207916
2 8750052
2 2796821
2 6441310
2 6958518
2 6035281
2 5207057
2 1619924
2 5776846
2 8449584
2 8748388
2 8779462
2 4954632
2 2790754
2 6096359
2 4340951
2 2894877
2 2310011
2 9067432
2 8317288
2 4232234
2 4959657
2 7460811
2 8561909
2 7547520
2 9140827
2 8986334
2 8496871
2 83449
2 7921773
2 7398851
2 6807717
2 6671824
2 2712024
2 3249026
2 6146693
2 1263656
2 8456082
2 7766616
2 7040501
2 6905665
2 9031356
2 8336314
2 4376648
2 4338461
2 6949024
2 1233951
2 7233337
2 1775387
2 2817734
2 8066976
2 6007620
2 7777390
2 5527786
2 4569529
2 5324909
2 7184965
2 6072214
2 6338132
2 9784765
2 3993986
2 3736982
2 6592481
2 3182161
2 6449005
2 9841506
2 1845205
2 229012
2 813939
2 9611821
2 7269513
2 235956
2 1159528
2 8122178
2 4612603
2 5497988
2 5071202
2 5846553
2 2731324
2 6846588
2 8664286
2 798299
2 2854207
2 8958028
2 8842436
2 9940087
2 6799288
2 8543752
2 6012300
2 3137419
2 8328517
2 2522637
2 9390753
2 4920997
2 5704797
2 8356109
2 7278855
2 7550002
2 8585121
2 8092793
2 9678174
2 8370985
2 845100
2 837701
2 6493162
2 5457703
2 8852040
2 1564363
2 3820607
2 1583363
2 8410950
2 5001245
2 4898013
2 3781509
2 6475624
2 3740448
2 3721595
2 5791263
2 2284200
2 9733895
2 1445034
2 3129068
2 2256531
2 835786
2 8050064
2 477680
2 9191894
2 7845270
2 544033
2 7777014
2 8454415
2 2738558
2 6147998
2 9299514
2 6092610
2 5157512
2 7273568
2 4944649
2 6721874
2 1094175
2 6528011
2 7649176
2 8611771
2 3942375
2 1430684
2 7603746
2 7682822
2 7668630
2 3395008
2 2483373
2 9918876
2 4840041
2 5612440
2 2175407
2 8192178
2 6178856
2 5169438
2 7384072
2 4024125
2 5713470
2 7677437
2 2478539
2 968379
2 6341787
2 4294405
2 7060988
2 1499298
2 1567972
2 2005636
2 737523
2 5178498
2 1049998
2 8386698
2 3790268
2 4992372
2 2333733
2 3910365
2 5191545
2 2363
2 9821725
2 191270
2 2437590
2 4661765
2 5803709
2 4612996
2 2853943
2 4498916
2 2298785
2 2754366
2 1039393
2 528606
2 431802
2 6034283
2 1496984
2 6773588
2 328687
2 8557971
2 789237
2 1896659
2 3079958
2 1526760
2 7075156
2 4129955
2 2429809
2 3381776
2 1638678
2 7279894
2 7292140
2 6830223
2 7282256
2 9630216
2 7021492
2 2236197
2 4291981
2 5341552
2 6849193
2 9662275
2 2356820
2 1664329
2 2416640
2 3396212
2 2192935
2 5364793
2 1946846
2 3689918
2 2138381
2 2275533
2 4764241
2 5443969
2 4172191
2 7844198
2 6970728
2 3763698
2 4490505
2 9400537
2 7145473
2 8645534
2 6680430
2 6953965
2 7992108
2 6479037
2 6584180
2 5013599
2 8715233
2 3392512
2 2871503
2 8080777
2 5571138
2 7744674
2 9745106
2 7987777
2 3657237
2 4454392
2 5868922
2 5604082
2 8144309
2 523654
2 7879614
2 2908549
2 5967622
2 4568156
2 752747
2 2938350
2 848206
2 7759603
2 4855238
2 510030
2 6405136
2 4052019
2 7463994
2 4397244
2 3047407
2 6564526
2 1927194
2 4278991
2 2473389
2 7315048
2 2359768
2 8044527
2 5059721
2 4621225
2 8548655
2 8716957
2 9075616
2 6933928
2 6837391
2 9736276
2 7457581
2 7233356
2 2644825
2 3425203
2 1801512
2 5913923
2 6363552
2 2649717
2 6189877
2 3735141
2 3159746
2 2595012
2 7787159
2 3140092
2 9508607
2 3350917
2 2220969
2 1435801
2 7629907
2 7210709
2 1267200
2 2506026
2 7771587
2 6326921
2 7127250
2 8836594
2 7560229
2 8719217
2 5770521
2 6913971
2 971845
2 3228102
2 4147327
2 3616669
2 6653304
2 8465190
2 2046943
2 5533207
2 3631258
2 753171
2 1784699
2 9307355
2 3348182
2 2088209
2 2447446
2 5373141
2 5439125
2 7184766
2 6808941
2 3069031
2 6911827
2 8076140
2 5575057
2 4683413
2 6919412
2 5218658
2 3520006
2 6995993
2 6454227
2 1806879
2 3909963
2 7426071
2 5034980
2 573641
2 3559091
2 4204635
2 9038830
2 5606033
2 9737841
2 2670087
2 6359203
2 1522539
2 1977442
2 2223736
2 6127099
2 6941239
2 7596876
2 1566223
2 6642357
2 6922168
2 4635253
2 3554183
2 7514660
2 2726661
2 753947
2 4434071
2 461671
2 4273953
2 3946415
2 6915897
2 6080831
2 372730
2 4341967
2 3632162
2 946370
2 7901057
2 7836796
2 9985200
2 6023441
2 90988
2 5171638
2 4898995
2 4129878
2 7149079
2 7122730
2 256976
2 6606670
2 7235958
2 1823198
2 3249026
2 4158125
2 8974802
2 6803208
2 1672784
2 1701463
2 73506
2 8623207
2 2163133
2 6863810
2 5085973
2 1595381
2 5460992
2 5458702
2 5937347
2 9093153
2 6405072
2 6354755
2 6929948
2 8906623
2 2378195
2 7020935
2 4078260
2 7277189
2 1150812
2 1227339
2 6916270
2 3924139
2 350360
2 4152227
2 5747336
2 3599385
2 826704
2 4722138
2 2918944
2 2499487
2 8939952
2 2992449
2 3639045
2 3619436
2 9856259
2 8725018
2 5214816
2 5317250
2 4183719
2 1152162
2 6926755
2 3105142
2 7506916
2 6373054
2 2011764
2 2401462
2 3393989
2 6090024
2 9678650
2 7061152
2 9833714
2 6594919
2 985291
2 184073
2 3263498
2 9248978
2 6299809
2 4090201
2 3971115
2 9218752
2 9106039
2 5427418
2 4727552
2 2745084
2 9046853
2 7100162
2 3986453
2 4261668
2 2417412
2 8170171
2 7930181
2 1860518
2 3791665
2 7953448
2 8233571
2 5803428
2 354909
2 4143911
2 4409803
2 2549910
2 1205063
2 6759868
2 1661181
2 4706705
2 6943940
2 4924678
2 6472034
2 5760100
2 1531230
2 2959501
2 4978851
2 637268
2 8386918
2 2222755
2 5898703
2 9950123
2 9322916
2 9885155
2 6728142
2 4256679
2 571678
2 4658323
2 6117196
2 4363342
2 5128122
2 4350767
2 2683121
2 7999383
2 8494677
2 7092924
2 3065644
2 2216091
2 3852791
2 4726824
2 9439147
2 3313083
2 2167853
2 5911181
2 9073182
2 3699082
2 8870681
2 6568385
2 6852702
2 7257598
2 8791139
2 2751404
2 9724072
2 8114054
2 5152911
2 6452214
2 2370733
2 5724588
2 3626888
2 8487928
2 87929
2 1271361
2 2838694
2 2771049
2 9270743
2 3849723
2 2380324
2 2336387
2 6065813
2 6233115
2 9579562
2 5504960
2 2062549
2 1747415
2 1416140
2 1135730
2 7962848
2 2803172
2 7704114
2 4815549
2 2577121
2 6495252
2 83305
2 2301193
2 7125658
2 5236215
2 8753406
2 9496390
2 960802
2 2380293
2 500669
2 3565082
2 3651653
2 5855715
2 8852482
2 5438748
2 9705437
2 1232806
2 291486
2 8287601
2 9982272
2 9871047
2 3792560
2 2044820
2 1618461
2 7725051
2 3180549
2 2097661
2 528222
2 3401015
2 6913209
2 3105343
2 2412618
2 6996513
2 7922887
2 9538275
2 4749079
2 6676292
2 1551016
2 5709880
2 1572936
2 4568037
2 1791313
2 7740940
2 423751
2 643795
2 5696039
2 2645539
2 1876600
2 5987524
2 933139
2 4375223
2 5858571
2 7242051
2 6420042
2 9993383
2 7483453
2 2116942
2 2091043
2 528027
2 8034308
2 9004252
2 6149721
2 446926
2 8517116
2 4072607
2 9985200
2 3266195
2 748898
2 4052568
2 1492426
2 4838185
2 8620604
2 3283739
2 5095476
2 9044354
2 3927533
2 791515
2 4206244
2 8320484
2 6779038
2 7655734
2 2695706
2 2637608
2 7414136
2 1632099
2 2630991
2 4897589
2 6265392
2 4722033
2 5425615
2 4299700
2 6242636
2 4091687
2 4746625
2 7276104
2 8164293
2 7248176
2 542298
2 1429542
2 1300743
2 4551075
2 6267726
2 2437698
2 7834813
2 1363201
2 3998403
2 1762345
2 2154715
2 8204646
2 2599180
2 1450105
2 8376732
2 7811237
2 4087712
2 5790867
2 9443335
2 9235054
2 688455
2 5708727
2 6473439
2 8630421
2 2524778
2 5232426
2 2722107
2 7271402
2 2508529
2 3402751
2 7035929
2 5567178
2 4832292
2 853024
2 118253
2 3616369
2 3290721
2 7953065
2 4979570
2 7289124
2 2231762
2 9650636
2 8010121
2 4830941
2 3617092
2 6386852
2 2642178
2 221156
2 2177719
2 4601864
2 9456209
2 5382525
2 2826942
2 8445999
2 6529298
2 5351719
2 3678425
2 1767756
2 5139472
2 6186953
2 5170507
2 2175401
2 1754131
2 2519150
2 3028424
2 1872383
2 6135519
2 8835496
2 2341799
2 3631440
2 8640971
2 4573560
2 5798427
2 6651092
2 1920853
2 9415519
2 5554295
2 7079382
2 9636674
2 248365
2 1681245
2 1609234
2 5630890
2 4508187
2 55233
2 4676539
2 2376257
2 6250009
2 6444294
2 7515729
2 4953313
2 4131152
2 2207481
2 6707443
2 6650302
2 7752256
2 1096177
2 2785820
2 6587751
2 5954328
2 8933611
2 5228722
2 527887
2 4732037
2 4396165
2 2448739
2 4147555
2 2466811
2 9528120
2 6300580
2 2715176
2 3725717
2 426166
2 862417
2 750255
2 481398
2 5538955
2 3126511
2 9247758
2 4499600
2 3158591
2 4201070
2 8630752
2 5366071
2 3424865
2 5281053
2 3118326
2 7037393
2 583224
2 2222429
2 2991720
2 9516834
2 9967502
2 3519607
2 6765222
2 6880018
2 8484697
2 3429129
2 9346828
2 529169
2 9729708
2 4578355
2 4254885
2 155873
2 5440771
2 7521491
2 3153622
2 3496077
2 648001
2 2401379
2 512029
2 3806592
2 9118801
2 9142780
2 1689014
2 2543665
2 6940184
2 7323692
2 2097409
2 39759
2 9546120
2 5089129
2 2072944
2 9513621
2 1125087
2 8838165
2 8909990
2 9609783
2 2267293
2 8256817
2 2655303
2 1997001
2 2835172
2 9426539
2 4669225
2 792294
2 6948029
2 339199
2 6804723
2 7596030
2 2740577
2 7316751
2 3918973
2 4375729
2 8975882
2 8124338
2 9435745
2 5916065
2 5448029
2 1533154
2 8472175
2 7510500
2 6622282
2 545118
2 9540472
2 7747368
2 9383282
2 8450461
2 9873502
2 1650575
2 6707278
2 5045157
2 6163927
2 2058801
2 4471695
2 3349503
2 5367446
2 1419724
2 3688701
2 4688520
2 9015753
2 8945630
2 2005270
2 5451077
2 3321358
2 3497503
2 3575414
2 2757103
2 9413567
2 1539795
2 4290256
2 402093
2 9050294
2 3428889
2 947210
2 8590766
2 3692608
2 330492
2 9557578
2 6082461
2 4497418
2 6264855
2 1127617
2 661344
2 840007
2 5599312
2 4010846
2 8723805
2 7019035
2 215899
2 3412324
2 8551139
2 9161528
2 5417594
2 6518567
2 2482885
2 1431448
2 2610332
2 7756339
2 845015
2 4150126
2 4562946
2 3763459
2 5716772
2 7991834
2 4710669
2 6823889
2 4200793
2 5041160
2 6381466
2 283254
2 9538577
2 5162673
2 3927222
2 2716272
2 8519031
2 9526533
2 9243469
2 7242835
2 9061919
2 9459367
2 655159
2 129409
2 8620894
2 8589104
2 6647975
2 3620131
2 20551
2 9258307
2 1376469
2 3381917
2 5924784
2 5939415
2 7145376
2 1641555
2 6447600
2 1856044
2 8465443
2 648393
2 9413555
2 7363261
2 3447998
2 1468483
2 2525933
2 7375219
2 6701106
2 1044963
2 9418104
2 5944574
2 8287798
2 8480022
2 7920293
2 1459308
2 8609431
