100
289383
930886
692777
636915
747793
238335
885386
760492
516649
641421
202362
490027
368690
520059
897763
513926
180540
383426
89172
455736
5211
595368
702567
956429
465782
21530
722862
665123
174067
703135
513929
979802
634022
723058
133069
898167
961393
18456
175011
478042
176229
377373
484421
544919
413784
898537
575198
594324
798315
664370
6413
3526
6091
8980
9956
1873
6862
9170
6996
7281
2305
925
7084
6327
336
6505
846
1729
1313
5857
6124
3895
9582
545
8814
3367
5434
364
4043
3750
1087
6808
7276
7178
5788
3584
5403
2651
2754
2399
9932
5060
9676
3368
7739
12
6226
8586
8094
7539
