100
522 12 145606698
445 215 99670445
447 164 823785564
202 16 592551094
982 11 441783514
156 141 851050628
728 377 468265170
739 397 135224160
679 345 339599065
568 562 698283016
940 52 729485946
449 390 438576494
355 71 55930445
580 53 793005745
934 447 528902150
355 224 288338955
922 215 363039266
67 10 900100789
691 131 557908996
34 4 678068211
221 184 180866911
152 84 39776857
302 190 566010709
22 7 800369771
607 225 620616197
502 243 701370617
475 115 417794164
10 4 191586165
354 271 367750357
480 449 798892807
951 915 977589606
197 122 497640988
167 44 464160279
200 25 521121952
483 203 543821373
881 479 992561599
553 241 93197802
962 468 864221610
279 103 591013994
549 81 709070575
200 18 607490437
639 231 268513612
467 40 973900101
581 541 236454915
473 168 928835893
581 57 709584838
718 518 760688173
335 9 378590163
530 135 524946694
148 79 669306920
913 1 166860751
686 35 194374383
392 72 86387136
553 423 735497009
850 574 422015099
185 45 981050986
980 628 72782169
52 51 743605270
740 136 330693897
370 91 779864188
7 4 13232567
412 331 148512311
571 367 365261205
217 17 690834394
427 243 542706775
584 23 852591925
875 376 532687352
449 226 514098582
428 242 670397141
517 20 906952013
768 433 620776647
456 302 846955441
368 232 836185872
541 533 219454705
269 170 374890209
698 475 967117634
413 340 510557547
571 77 837998075
904 829 641653245
844 705 143741825
410 250 575799544
394 253 222913356
546 376 885225121
979 945 574864798
291 229 257899883
134 103 748866602
89 27 254179711
212 8 447062651
823 175 39950977
280 10 200963688
176 26 491991332
740 539 143503893
3 3 264684369
13 0 696862093
931 119 560350655
176 44 374691197
199 75 3732328
893 612 788674838
374 197 732988643
819 633 773201155
