100
814 127 940662694
197 71 330968880
709 638 113776424
461 449 816093184
744 599 753100104
447 107 25090448
963 593 480622342
984 399 615167360
665 409 371533369
191 56 785119349
110 102 242535706
243 117 796476176
297 62 855160106
974 419 959749127
695 348 367467990
673 131 533244837
524 251 153185866
329 12 460384335
692 546 844679466
81 25 233178286
858 266 482821946
801 304 492894285
807 98 662548169
478 52 537796594
7 3 377734796
499 149 840418982
399 221 162770675
15 12 842108763
282 253 7576326
111 85 106367362
788 688 208054816
702 676 370946919
655 480 211784491
946 664 912309749
445 427 122080805
522 130 735888076
542 339 111269585
486 56 503744670
532 12 627153917
903 163 515789504
772 466 66284735
224 60 260090505
54 2 476119803
395 184 776178913
56 29 332468269
711 490 228926223
790 681 895706793
345 261 490130491
501 212 901815296
785 688 89301072
665 278 150968161
696 302 156267027
149 147 455952054
535 422 790308195
82 25 427884252
674 215 758529335
593 288 937375428
334 57 130539970
965 252 302385923
103 69 535546986
732 196 596814232
238 137 46226076
773 497 909857951
274 106 721296250
455 139 559906663
61 58 409349291
320 254 137313962
345 235 603772785
212 182 381529035
211 108 464445162
144 77 187482430
256 188 624614338
398 162 585629097
758 370 748047690
371 11 346005066
964 108 278257483
309 280 574650386
125 108 96436410
241 241 475149678
394 373 993018939
901 308 784357598
614 514 678833488
122 23 641783089
311 92 919966821
838 148 929831970
803 550 73949486
136 85 767894489
431 75 823853006
843 86 711530656
903 756 696898530
535 128 85761815
321 78 659227827
261 7 306068714
747 249 927116259
698 479 519628988
504 474 861034703
743 608 969178239
277 243 274213853
487 339 582641517
889 503 7675104
