100
10 5 1009
20 10 1009
30 15 1009
40 20 1009
50 25 1009
60 30 1009
70 35 1009
80 40 1009
90 45 1009
100 50 1009
110 55 1009
120 60 1009
130 65 1009
140 70 1009
150 75 1009
160 80 1009
170 85 1009
180 90 1009
190 95 1009
200 100 1009
210 105 1009
220 110 1009
230 115 1009
240 120 1009
250 125 1009
260 130 1009
270 135 1009
280 140 1009
290 145 1009
300 150 1009
310 155 1009
320 160 1009
330 165 1009
340 170 1009
350 175 1009
360 180 1009
370 185 1009
380 190 1009
390 195 1009
400 200 1009
410 205 1009
420 210 1009
430 215 1009
440 220 1009
450 225 1009
460 230 1009
470 235 1009
480 240 1009
490 245 1009
500 250 1009
510 255 1009
520 260 1009
530 265 1009
540 270 1009
550 275 1009
560 280 1009
570 285 1009
580 290 1009
590 295 1009
600 300 1009
610 305 1009
620 310 1009
630 315 1009
640 320 1009
650 325 1009
660 330 1009
670 335 1009
680 340 1009
690 345 1009
700 350 1009
710 355 1009
720 360 1009
730 365 1009
740 370 1009
750 375 1009
760 380 1009
770 385 1009
780 390 1009
790 395 1009
800 400 1009
810 405 1009
820 410 1009
830 415 1009
840 420 1009
850 425 1009
860 430 1009
870 435 1009
880 440 1009
890 445 1009
900 450 1009
910 455 1009
920 460 1009
930 465 1009
940 470 1009
950 475 1009
960 480 1009
970 485 1009
980 490 1009
990 495 1009
1000 500 1009
