100
10 5 1000000009
20 10 1000000009
30 15 1000000009
40 20 1000000009
50 25 1000000009
60 30 1000000009
70 35 1000000009
80 40 1000000009
90 45 1000000009
100 50 1000000009
110 55 1000000009
120 60 1000000009
130 65 1000000009
140 70 1000000009
150 75 1000000009
160 80 1000000009
170 85 1000000009
180 90 1000000009
190 95 1000000009
200 100 1000000009
210 105 1000000009
220 110 1000000009
230 115 1000000009
240 120 1000000009
250 125 1000000009
260 130 1000000009
270 135 1000000009
280 140 1000000009
290 145 1000000009
300 150 1000000009
310 155 1000000009
320 160 1000000009
330 165 1000000009
340 170 1000000009
350 175 1000000009
360 180 1000000009
370 185 1000000009
380 190 1000000009
390 195 1000000009
400 200 1000000009
410 205 1000000009
420 210 1000000009
430 215 1000000009
440 220 1000000009
450 225 1000000009
460 230 1000000009
470 235 1000000009
480 240 1000000009
490 245 1000000009
500 250 1000000009
510 255 1000000009
520 260 1000000009
530 265 1000000009
540 270 1000000009
550 275 1000000009
560 280 1000000009
570 285 1000000009
580 290 1000000009
590 295 1000000009
600 300 1000000009
610 305 1000000009
620 310 1000000009
630 315 1000000009
640 320 1000000009
650 325 1000000009
660 330 1000000009
670 335 1000000009
680 340 1000000009
690 345 1000000009
700 350 1000000009
710 355 1000000009
720 360 1000000009
730 365 1000000009
740 370 1000000009
750 375 1000000009
760 380 1000000009
770 385 1000000009
780 390 1000000009
790 395 1000000009
800 400 1000000009
810 405 1000000009
820 410 1000000009
830 415 1000000009
840 420 1000000009
850 425 1000000009
860 430 1000000009
870 435 1000000009
880 440 1000000009
890 445 1000000009
900 450 1000000009
910 455 1000000009
920 460 1000000009
930 465 1000000009
940 470 1000000009
950 475 1000000009
960 480 1000000009
970 485 1000000009
980 490 1000000009
990 495 1000000009
1000 500 1000000009
