100
10 5 1
20 10 1
30 15 1
40 20 1
50 25 1
60 30 1
70 35 1
80 40 1
90 45 1
100 50 1
110 55 1
120 60 1
130 65 1
140 70 1
150 75 1
160 80 1
170 85 1
180 90 1
190 95 1
200 100 1
210 105 1
220 110 1
230 115 1
240 120 1
250 125 1
260 130 1
270 135 1
280 140 1
290 145 1
300 150 1
310 155 1
320 160 1
330 165 1
340 170 1
350 175 1
360 180 1
370 185 1
380 190 1
390 195 1
400 200 1
410 205 1
420 210 1
430 215 1
440 220 1
450 225 1
460 230 1
470 235 1
480 240 1
490 245 1
500 250 1
510 255 1
520 260 1
530 265 1
540 270 1
550 275 1
560 280 1
570 285 1
580 290 1
590 295 1
600 300 1
610 305 1
620 310 1
630 315 1
640 320 1
650 325 1
660 330 1
670 335 1
680 340 1
690 345 1
700 350 1
710 355 1
720 360 1
730 365 1
740 370 1
750 375 1
760 380 1
770 385 1
780 390 1
790 395 1
800 400 1
810 405 1
820 410 1
830 415 1
840 420 1
850 425 1
860 430 1
870 435 1
880 440 1
890 445 1
900 450 1
910 455 1
920 460 1
930 465 1
940 470 1
950 475 1
960 480 1
970 485 1
980 490 1
990 495 1
1000 500 1
