100
1000 500 10000000
1000 500 20000000
1000 500 30000000
1000 500 40000000
1000 500 50000000
1000 500 60000000
1000 500 70000000
1000 500 80000000
1000 500 90000000
1000 500 100000000
1000 500 110000000
1000 500 120000000
1000 500 130000000
1000 500 140000000
1000 500 150000000
1000 500 160000000
1000 500 170000000
1000 500 180000000
1000 500 190000000
1000 500 200000000
1000 500 210000000
1000 500 220000000
1000 500 230000000
1000 500 240000000
1000 500 250000000
1000 500 260000000
1000 500 270000000
1000 500 280000000
1000 500 290000000
1000 500 300000000
1000 500 310000000
1000 500 320000000
1000 500 330000000
1000 500 340000000
1000 500 350000000
1000 500 360000000
1000 500 370000000
1000 500 380000000
1000 500 390000000
1000 500 400000000
1000 500 410000000
1000 500 420000000
1000 500 430000000
1000 500 440000000
1000 500 450000000
1000 500 460000000
1000 500 470000000
1000 500 480000000
1000 500 490000000
1000 500 500000000
1000 500 510000000
1000 500 520000000
1000 500 530000000
1000 500 540000000
1000 500 550000000
1000 500 560000000
1000 500 570000000
1000 500 580000000
1000 500 590000000
1000 500 600000000
1000 500 610000000
1000 500 620000000
1000 500 630000000
1000 500 640000000
1000 500 650000000
1000 500 660000000
1000 500 670000000
1000 500 680000000
1000 500 690000000
1000 500 700000000
1000 500 710000000
1000 500 720000000
1000 500 730000000
1000 500 740000000
1000 500 750000000
1000 500 760000000
1000 500 770000000
1000 500 780000000
1000 500 790000000
1000 500 800000000
1000 500 810000000
1000 500 820000000
1000 500 830000000
1000 500 840000000
1000 500 850000000
1000 500 860000000
1000 500 870000000
1000 500 880000000
1000 500 890000000
1000 500 900000000
1000 500 910000000
1000 500 920000000
1000 500 930000000
1000 500 940000000
1000 500 950000000
1000 500 960000000
1000 500 970000000
1000 500 980000000
1000 500 990000000
1000 500 1000000000
