16
0 0 5 0 0 -5 0 0
-5 1 5 2 0 -5 0 0
1 1 -1 -1 -1 1 1 -1
1 0 -1 0 0 1 0 -1
-105646767 0 456789715 0 0 0 0 999999999
-105646767 0 456789715 0 0 0 0 -999999999
-01231546 0 0 0 0 0 0 -13265467
-01231546 0 0 0 1 5 1 -13265467
500 500 500 1000 500 1000 500 500
-500 -500 -200 -500 -200 -500 -500 -500
-31321564 100 0 100 0 100 0 500
-31321564 100 0 100 -50 105 -50 500
-132456789 0 0 0 0 1000000000 0 -1000000000
132456789 0 0 0 0 1000000000 0 -1000000000
-100 -500 -100 -100 -100 -500 100 -500
-100 -500 -100 -100 -90 -200 100 -200

